BRL;ItemTime;ItemTime (local date);ItemTime (local time);BlobType;BlobSize;Barcode;CreateTime;CreateTime (local date);CreateTime (local time);Destination;DestinationAirport;DestinationDate;DestinationFlightNr;DestinationSource;Duration;FinishTime;FinishTime (local date);FinishTime (local time);Flags;LicensePlate;OCRExecute;OCRQueue;OCRRemarks;OCRResult;OCRStart;PieceId;ProcessPlanIDName;ProcessPlanIDVersion;Remarks;Side;SideSequence;Source;SpecialCategories;Status;Transfer;Tunnel;TunnelDuration;TunnelRemarks;TunnelSignals;TunnelType;VCSLicenseExecute;VCSLicenseQueue;VCSLicenseRemarks;VCSLicenseResult;VCSLicenseStart;VCSLicenseUser;VCSNoBSMExecute;VCSNoBSMQueue;VCSNoBSMRemarks;VCSNoBSMResult;VCSNoBSMStart;VCSNoBSMUser
D01/00000D491EA40007;132339636639431668;2020-05-15;00:01:03.943;application/x-bolt;26525;0235975147;132339636368680000;2020-05-15;00:00:36.868;;;;;;18007;132339636548750000;2020-05-15;00:00:54.875;;;;;;;;131900_0034386295;;;;;;EDI+EDI;;Accept;;131900;2611;;123;Departures;;;;;;;;;;;;
D01/00000D491EAB0007;132339636756569034;2020-05-15;00:01:15.657;application/x-bolt;26468;0235975149;132339636485920000;2020-05-15;00:00:48.592;;;;;;18007;132339636665990000;2020-05-15;00:01:06.599;;;;;;;;131900_0034386296;;;;;;EDI+EDI;;Accept;;131900;2621;;123;Departures;;;;;;;;;;;;
D01/00000D491EB20007;132339637216601395;2020-05-15;00:02:01.660;application/x-bolt;24443;0235975151;132339636945850000;2020-05-15;00:01:34.585;;;;;;18008;132339637125930000;2020-05-15;00:01:52.593;;;;;;;;131900_0034386298;;;;Camera02;11;EDI+EDI;;Accept;;131900;2566;;123;Departures;;;;;;;;;;;;
D01/00000D491EB90007;132339637367496817;2020-05-15;00:02:16.750;application/x-bolt;26125;0235975150;132339637096820000;2020-05-15;00:01:49.682;;;;;;18008;132339637276900000;2020-05-15;00:02:07.690;;;;;;;;131900_0034386297;;;;;;EDI+EDI;;Accept;;131900;2584;;123;Departures;;;;;;;;;;;;
D01/00000D491EC00007;132339637615082601;2020-05-15;00:02:41.508;application/x-bolt;26382;0235975153;132339637344390000;2020-05-15;00:02:14.439;;;;;;18007;132339637524460000;2020-05-15;00:02:32.446;;;;;;;;131900_0034386299;;;;;;EDI+EDI;;Accept;;131900;2576;;123;Departures;;;;;;;;;;;;
D01/00000D491EC70007;132339637668827271;2020-05-15;00:02:46.883;application/x-bolt;25556;0235975152;132339637398220000;2020-05-15;00:02:19.822;;;;;;18007;132339637578290000;2020-05-15;00:02:37.829;;;;;;;;131900_0034386300;;;;Camera03;08;EDI+EDI;;Accept;;131900;2593;;123;Departures;;;;;;;;;;;;
D01/00000D491ECE0008;132339638048222610;2020-05-15;00:03:24.822;application/x-bolt;28633;0235975154;132339637777730000;2020-05-15;00:02:57.773;;;;;;18007;132339637957800000;2020-05-15;00:03:15.780;;;;;;;;131900_0034386301;;;;;;EDI+EDI;;Accept;;131900;2588;;123;Departures;;;;;;;;;;;;
D01/00000D491ED60006;132339638583347391;2020-05-15;00:04:18.335;application/x-bolt;24039;0235971262 / 0235975756 / 0235975156;132339638312510000;2020-05-15;00:03:51.251;;;;;;18008;132339638492590000;2020-05-15;00:04:09.259;;;;;;;;131900_0034386302;;;Multiple main barcodes detected;;;EDI+EDI;;Accept;;131900;4453;;123;Departures;;;;;;;;;;;;
D01/00000D491EDC0007;132339638808594608;2020-05-15;00:04:40.859;application/x-bolt;27343;0235975155;132339638537880000;2020-05-15;00:04:13.788;;;;;;18007;132339638717950000;2020-05-15;00:04:31.795;;;;;;;;131900_0034386303;;;;;;EDI+EDI;;Accept;;131900;2507;;123;Departures;;;;;;;;;;;;
D01/00000D491EE30007;132339638860527775;2020-05-15;00:04:46.053;application/x-bolt;24760;0235975157;132339638589770000;2020-05-15;00:04:18.977;;;;;;18007;132339638769840000;2020-05-15;00:04:36.984;;;;;;;;131900_0034386304;;;;Camera05;03;EDI+EDI;;Accept;;131900;2516;;123;Departures;;;;;;;;;;;;
D01/00000D491EEA0007;132339639214231765;2020-05-15;00:05:21.423;application/x-bolt;25165;0235975159;132339638943490000;2020-05-15;00:04:54.349;;;;;;18008;132339639123570000;2020-05-15;00:05:12.357;;;;;;;;131900_0034386305;;;;Camera05;03;EDI+EDI;;Accept;;131900;2507;;123;Departures;;;;;;;;;;;;
D01/00000D491EF10006;132339639356339881;2020-05-15;00:05:35.634;application/x-bolt;23803;0235975160;132339639085650000;2020-05-15;00:05:08.565;;;;;;18008;132339639265730000;2020-05-15;00:05:26.573;;;;;;;;131900_0034386307;;;;Camera03;05;EDI+EDI;;Accept;;131900;2539;;123;Departures;;;;;;;;;;;;
D01/00000D491EF70007;132339639415729245;2020-05-15;00:05:41.573;application/x-bolt;25277;0235975158;132339639145260000;2020-05-15;00:05:14.526;;;;;;18008;132339639325340000;2020-05-15;00:05:32.534;;;;;;;;131900_0034386306;;;;Camera03;10;EDI+EDI;;Accept;;131900;2542;;123;Departures;;;;;;;;;;;;
D01/00000D491EFE0007;132339639903654789;2020-05-15;00:06:30.365;application/x-bolt;27396;0235975161;132339639632840000;2020-05-15;00:06:03.284;;;;;;18008;132339639812920000;2020-05-15;00:06:21.292;;;;;;;;131900_0034386308;;;;;;EDI+EDI;;Accept;;131900;2561;;123;Departures;;;;;;;;;;;;
D01/00000D491F050007;132339640389768830;2020-05-15;00:07:18.977;application/x-bolt;25664;0235975163;132339640118990000;2020-05-15;00:06:51.899;;;;;;18008;132339640299070000;2020-05-15;00:07:09.907;;;;;;;;131900_0034386311;;;;;;EDI+EDI;;Accept;;131900;3749;;123;Departures;;;;;;;;;;;;
D01/00000D491F0C0007;132339640473578491;2020-05-15;00:07:27.358;application/x-bolt;27607;0235975162;132339640202690000;2020-05-15;00:07:00.269;;;;;;18010;132339640382790000;2020-05-15;00:07:18.279;;;;;;;;131900_0034386310;;;;;;EDI+EDI;;Accept;;131900;2529;;123;Departures;;;;;;;;;;;;
D01/00000D491F130009;132339640713407828;2020-05-15;00:07:51.341;application/x-bolt;32857;0511810064;132339640378390000;2020-05-15;00:07:17.839;FRU - TK344;FRU;2020-05-15;TK344;;24408;132339640622470000;2020-05-15;00:07:42.247;;;10618;159;;Full;10621;131900_0034386313;TK_0344_DFR1505;;;Camera04;03;EDI+OCR;;Accept;;131900;2598;;123;Departures;;;;;;;;;;;;
D01/00000D491F1C0007;132339640769104123;2020-05-15;00:07:56.910;application/x-bolt;24683;0235975164;132339640498310000;2020-05-15;00:07:29.831;;;;;;18008;132339640678390000;2020-05-15;00:07:47.839;;;;;;;;131900_0034386312;;;;;;EDI+EDI;;Accept;;131900;2565;;123;Departures;;;;;;;;;;;;
D01/00000D491F230007;132339641045233634;2020-05-15;00:08:24.523;application/x-bolt;24261;0235975166;132339640774410000;2020-05-15;00:07:57.441;;;;;;18008;132339640954490000;2020-05-15;00:08:15.449;;;;;;;;131900_0034386314;;;;Camera06;06;EDI+EDI;;Accept;;131900;2532;;123;Departures;;;;;;;;;;;;
D01/00000D491F2A0007;132339641100809827;2020-05-15;00:08:30.081;application/x-bolt;24523;0235975167;132339640830030000;2020-05-15;00:08:03.003;;;;;;18008;132339641010110000;2020-05-15;00:08:21.011;;;;;;;;131900_0034386315;;;;;;EDI+EDI;;Accept;;131900;2563;;123;Departures;;;;;;;;;;;;
D01/00000D491F310007;132339641246030531;2020-05-15;00:08:44.603;application/x-bolt;25459;0235975170 / 4735975170 / 4935975170;132339640975310000;2020-05-15;00:08:17.531;;;;;;18008;132339641155390000;2020-05-15;00:08:35.539;;;;;;;;131900_0034386317;;;Multiple main barcodes detected;Camera02;07;EDI+EDI;;Accept;;131900;2554;;123;Departures;;;;;;;;;;;;
D01/00000D491F380007;132339641358213774;2020-05-15;00:08:55.821;application/x-bolt;26131;0235975168;132339641087530000;2020-05-15;00:08:28.753;;;;;;18008;132339641267610000;2020-05-15;00:08:46.761;;;;;;;;131900_0034386316;;;;;;EDI+EDI;;Accept;;131900;2575;;123;Departures;;;;;;;;;;;;
D01/00000D491F3F0006;132339641677108830;2020-05-15;00:09:27.711;application/x-bolt;24100;0235975171;132339641406350000;2020-05-15;00:09:00.635;;;;;;18008;132339641586430000;2020-05-15;00:09:18.643;;;;;;;;131900_0034386318;;;;Camera03;13;EDI+EDI;;Accept;;131900;3075;;123;Departures;;;;;;;;;;;;
D01/00000D491F450007;132339641816494684;2020-05-15;00:09:41.649;application/x-bolt;24282;0235975172 / 4935975172;132339641545750000;2020-05-15;00:09:14.575;;;;;;18008;132339641725830000;2020-05-15;00:09:32.583;;;;;;;;131900_0034386319;;;Multiple main barcodes detected;Camera04;01;EDI+EDI;;Accept;;131900;2580;;123;Departures;;;;;;;;;;;;
D01/00000D491F4C0007;132339642053231453;2020-05-15;00:10:05.323;application/x-bolt;26679;0235975174;132339641782370000;2020-05-15;00:09:38.237;;;;;;18007;132339641962440000;2020-05-15;00:09:56.244;;;;;;;;131900_0034386320;;;;;;EDI+EDI;;Accept;;131900;2575;;123;Departures;;;;;;;;;;;;
D01/00000D491F530007;132339642164834209;2020-05-15;00:10:16.483;application/x-bolt;27702;0235975175;132339641894000000;2020-05-15;00:09:49.400;;;;;;18007;132339642074070000;2020-05-15;00:10:07.407;;;;;;;;131900_0034386321;;;;;;EDI+EDI;;Accept;;131900;2585;;123;Departures;;;;;;;;;;;;
D01/00000D491F5A0007;132339642215636437;2020-05-15;00:10:21.564;application/x-bolt;26108;0235975176;132339641944870000;2020-05-15;00:09:54.487;;;;;;18008;132339642124950000;2020-05-15;00:10:12.495;;;;;;;;131900_0034386322;;;;;;EDI+EDI;;Accept;;131900;2582;;123;Departures;;;;;;;;;;;;
D01/00000D491F610007;132339642284843958;2020-05-15;00:10:28.484;application/x-bolt;26124;0235975177 / 0235975173;132339642014200000;2020-05-15;00:10:01.420;;;;;;18008;132339642194280000;2020-05-15;00:10:19.428;;;;;;;;131900_0034386329;;;Multiple main barcodes detected;;;EDI+EDI;;Accept;;131900;2591;;123;Departures;;;;;;;;;;;;
D01/00000D491F680007;132339642537934319;2020-05-15;00:10:53.793;application/x-bolt;25874;0235975178;132339642267240000;2020-05-15;00:10:26.724;;;;;;18007;132339642447310000;2020-05-15;00:10:44.731;;;;;;;;131900_0034386324;;;;;;EDI+EDI;;Accept;;131900;2636;;123;Departures;;;;;;;;;;;;
D01/00000D491F6F0007;132339642623385347;2020-05-15;00:11:02.339;application/x-bolt;24443;0235975180 / 4555068535;132339642352550000;2020-05-15;00:10:35.255;;;;;;18007;132339642532620000;2020-05-15;00:10:53.262;;;;;;;;131900_0034386327;;;Multiple main barcodes detected;Camera02;05;EDI+EDI;;Accept;;131900;4381;;123;Departures;;;;;;;;;;;;
D01/00000D491F760007;132339642712329270;2020-05-15;00:11:11.233;application/x-bolt;25836;0235975181;132339642441560000;2020-05-15;00:10:44.156;;;;;;18007;132339642621630000;2020-05-15;00:11:02.163;;;;;;;;131900_0034386326;;;;;;EDI+EDI;;Accept;;131900;3481;;123;Departures;;;;;;;;;;;;
D01/00000D491F7D0007;132339642738721208;2020-05-15;00:11:13.872;application/x-bolt;27547;0235975179;132339642467980000;2020-05-15;00:10:46.798;;;;;;18008;132339642648060000;2020-05-15;00:11:04.806;;;;;;;;131900_0034386325;;;;;;EDI+EDI;;Accept;;131900;2668;;123;Departures;;;;;;;;;;;;
D01/00000D491F840007;132339642766324152;2020-05-15;00:11:16.632;application/x-bolt;25011;0235975182;132339642495580000;2020-05-15;00:10:49.558;;;;;;18008;132339642675660000;2020-05-15;00:11:07.566;;;;;;;;131900_0034386328;;;;Camera01;08;EDI+EDI;;Accept;;131900;2624;;123;Departures;;;;;;;;;;;;
D01/00000D491F8B0007;132339643434819784;2020-05-15;00:12:23.482;application/x-bolt;25444;0235975185;132339643164060000;2020-05-15;00:11:56.406;;;;;;18007;132339643344130000;2020-05-15;00:12:14.413;;;;;;;;131900_0034386330;;;;Camera01;06;EDI+EDI;;Accept;;131900;2632;;123;Departures;;;;;;;;;;;;
D01/00000D491F920007;132339643469498607;2020-05-15;00:12:26.950;application/x-bolt;25720;0235975183 / 0235975186;132339643198700000;2020-05-15;00:11:59.870;;;;;;18008;132339643378780000;2020-05-15;00:12:17.878;;;;;;;;131900_0034386331;;;Multiple main barcodes detected;Camera03;07;EDI+EDI;;Accept;;131900;2651;;123;Departures;;;;;;;;;;;;
D01/00000D491F990007;132339643666782583;2020-05-15;00:12:46.678;application/x-bolt;24611;0235975184;132339643395930000;2020-05-15;00:12:19.593;;;;;;18008;132339643576010000;2020-05-15;00:12:37.601;;;;;;;;131900_0034386332;;;;;;EDI+EDI;;Accept;;131900;2664;;123;Departures;;;;;;;;;;;;
D01/00000D491FA00008;132339643952379968;2020-05-15;00:13:15.238;application/x-bolt;28318;0235975187;132339643681590000;2020-05-15;00:12:48.159;;;;;;18008;132339643861670000;2020-05-15;00:13:06.167;;;;;;;;131900_0034386333;;;;;;EDI+EDI;;Accept;;131900;2601;;123;Departures;;;;;;;;;;;;
D01/00000D491FA80007;132339644037670858;2020-05-15;00:13:23.767;application/x-bolt;26773;0235975188;132339643766880000;2020-05-15;00:12:56.688;;;;;;18007;132339643946950000;2020-05-15;00:13:14.695;;;;;;;;131900_0034386334;;;;;;EDI+EDI;;Accept;;131900;2600;;123;Departures;;;;;;;;;;;;
D01/00000D491FAF0009;132339644534924157;2020-05-15;00:14:13.492;application/x-bolt;33630;;132339644176980000;2020-05-15;00:13:37.698;;;;;;26689;132339644443870000;2020-05-15;00:14:04.387;;;12451;553;;Reject;10658;131900_0034386335;;;"Enrichment ""VCCLicense"" cancelled: no requester available / Enrichment ""VCCNoBSM"" cancelled: no requester available";Camera06;06;VCS+VCS;;Cancel;;131900;2641;;123;Departures;;3;Cancelled: no requester available;Cancel;23677;;;3;Cancelled: no requester available;Cancel;23685;
D01/00000D491FB80007;132339644627100770;2020-05-15;00:14:22.710;application/x-bolt;26963;0235975193;132339644356240000;2020-05-15;00:13:55.624;;;;;;18008;132339644536320000;2020-05-15;00:14:13.632;;;;;;;;131900_0034386337;;;;;;EDI+EDI;;Accept;;131900;2870;;123;Departures;;;;;;;;;;;;
D01/00000D491FBF0007;132339644656054837;2020-05-15;00:14:25.605;application/x-bolt;28196;0235975191;132339644385280000;2020-05-15;00:13:58.528;;;;;;18008;132339644565360000;2020-05-15;00:14:16.536;;;;;;;;131900_0034386336;;;;;;EDI+EDI;;Accept;;131900;2617;;123;Departures;;;;;;;;;;;;
D01/00000D491FC60007;132339644941331951;2020-05-15;00:14:54.133;application/x-bolt;25465;0235975169;132339644670480000;2020-05-15;00:14:27.048;;;;;;18009;132339644850570000;2020-05-15;00:14:45.057;;;;;;;;131900_0034386339;;;;Camera04;05;EDI+EDI;;Accept;;131900;2642;;123;Departures;;;;;;;;;;;;
D01/00000D491FCD0007;132339644972277669;2020-05-15;00:14:57.228;application/x-bolt;24782;0235975192;132339644700490000;2020-05-15;00:14:30.049;;;;;;18109;132339644881580000;2020-05-15;00:14:48.158;;;;;;;;131900_0034386338;;;;;;EDI+EDI;;Accept;;131900;2633;;123;Departures;;;;;;;;;;;;
D01/00000D491FD40007;132339645054075659;2020-05-15;00:15:05.408;application/x-bolt;27285;0235975194;132339644783200000;2020-05-15;00:14:38.320;;;;;;18008;132339644963280000;2020-05-15;00:14:56.328;;;;;;;;131900_0034386341;;;;;;EDI+EDI;;Accept;;131900;2612;;123;Departures;;;;;;;;;;;;
D01/00000D491FDB0007;132339645193731736;2020-05-15;00:15:19.373;application/x-bolt;27352;0235975195;132339644922730000;2020-05-15;00:14:52.273;;;;;;18020;132339645102930000;2020-05-15;00:15:10.293;;;;;;;;131900_0034386340;;;;;;EDI+EDI;;Accept;;131900;3352;;123;Departures;;;;;;;;;;;;
D01/00000D491FE20007;132339645310018393;2020-05-15;00:15:31.002;application/x-bolt;25711;0235975196;132339645039250000;2020-05-15;00:15:03.925;;;;;;18009;132339645219340000;2020-05-15;00:15:21.934;;;;;;;;131900_0034386342;;;;;;EDI+EDI;;Accept;;131900;3730;;123;Departures;;;;;;;;;;;;
D01/00000D491FE90007;132339645601040282;2020-05-15;00:16:00.104;application/x-bolt;24657;0235975199;132339645330200000;2020-05-15;00:15:33.020;;;;;;18008;132339645510280000;2020-05-15;00:15:51.028;;;;;;;;131900_0034386344;;;;Camera03;03;EDI+EDI;;Accept;;131900;2675;;123;Departures;;;;;;;;;;;;
D01/00000D491FF00007;132339645648359608;2020-05-15;00:16:04.836;application/x-bolt;25781;0235975197;132339645377490000;2020-05-15;00:15:37.749;;;;;;18007;132339645557560000;2020-05-15;00:15:55.756;;;;;;;;131900_0034386348;;;;;;EDI+EDI;;Accept;;131900;2629;;123;Departures;;;;;;;;;;;;
D01/00000D491FF70007;132339645688663110;2020-05-15;00:16:08.866;application/x-bolt;27545;0235975202;132339645417490000;2020-05-15;00:15:41.749;;;;;;18008;132339645597570000;2020-05-15;00:15:59.757;;;;;;;;131900_0034386350;;;;;;EDI+EDI;;Accept;;131900;2632;;123;Departures;;;;;;;;;;;;
D01/00000D491FFE0007;132339645794150785;2020-05-15;00:16:19.415;application/x-bolt;26450;0235975201;132339645523340000;2020-05-15;00:15:52.334;;;;;;18007;132339645703410000;2020-05-15;00:16:10.341;;;;;;;;131900_0034386346;;;;;;EDI+EDI;;Accept;;131900;3331;;123;Departures;;;;;;;;;;;;
D01/00000D4920050007;132339645874797815;2020-05-15;00:16:27.480;application/x-bolt;25909;0235975198;132339645604090000;2020-05-15;00:16:00.409;;;;;;18008;132339645784170000;2020-05-15;00:16:18.417;;;;;;;;131900_0034386347;;;;;;EDI+EDI;;Accept;;131900;2650;;123;Departures;;;;;;;;;;;;
D01/00000D49200C0007;132339646128658819;2020-05-15;00:16:52.866;application/x-bolt;24908;0235975200;132339645857680000;2020-05-15;00:16:25.768;;;;;;18008;132339646037760000;2020-05-15;00:16:43.776;;;;;;;;131900_0034386349;;;;Camera04;06;EDI+EDI;;Accept;;131900;2654;;123;Departures;;;;;;;;;;;;
D01/00000D4920130007;132339646334249701;2020-05-15;00:17:13.425;application/x-bolt;26174;0235975205;132339646062520000;2020-05-15;00:16:46.252;;;;;;18009;132339646242610000;2020-05-15;00:17:04.261;;;;;;;;131900_0034386351;;;;;;EDI+EDI;;Accept;;131900;2624;;123;Departures;;;;;;;;;;;;
D01/00000D49201A0007;132339646513188429;2020-05-15;00:17:31.319;application/x-bolt;24637;0235975206 / 0235975249;132339646242530000;2020-05-15;00:17:04.253;;;;;;18009;132339646422620000;2020-05-15;00:17:22.262;;;;;;;;131900_0034386353;;;Multiple main barcodes detected;;;EDI+EDI;;Accept;;131900;3422;;123;Departures;;;;;;;;;;;;
D01/00000D4920210007;132339646571046516;2020-05-15;00:17:37.105;application/x-bolt;26767;0235975204;132339646300230000;2020-05-15;00:17:10.023;;;;;;18008;132339646480310000;2020-05-15;00:17:28.031;;;;;;;;131900_0034386352;;;;;;EDI+EDI;;Accept;;131900;2659;;123;Departures;;;;;;;;;;;;
D01/00000D4920280008;132339646626062243;2020-05-15;00:17:42.606;application/x-bolt;28742;0235975207;132339646355240000;2020-05-15;00:17:15.524;;;;;;18007;132339646535310000;2020-05-15;00:17:33.531;;;;;;;;131900_0034386354;;;;;;EDI+EDI;;Accept;;131900;2640;;123;Departures;;;;;;;;;;;;
D01/00000D4920300007;132339646657858675;2020-05-15;00:17:45.786;application/x-bolt;26685;0235975208;132339646386990000;2020-05-15;00:17:18.699;;;;;;18014;132339646567130000;2020-05-15;00:17:36.713;;;;;;;;131900_0034386356;;;;;;EDI+EDI;;Accept;;131900;2669;;123;Departures;;;;;;;;;;;;
D01/00000D4920370006;132339646770332161;2020-05-15;00:17:57.033;application/x-bolt;24127;0235975203;132339646499490000;2020-05-15;00:17:29.949;;;;;;18007;132339646679560000;2020-05-15;00:17:47.956;;;;;;;;131900_0034386355;;;;Camera04;09;EDI+EDI;;Accept;;131900;2677;;123;Departures;;;;;;;;;;;;
D01/00000D49203D0007;132339646855873258;2020-05-15;00:18:05.587;application/x-bolt;27178;0235975209;132339646585000000;2020-05-15;00:17:38.500;;;;;;18008;132339646765080000;2020-05-15;00:17:56.508;;;;;;;;131900_0034386357;;;;;;EDI+EDI;;Accept;;131900;2657;;123;Departures;;;;;;;;;;;;
D01/00000D4920440007;132339646939082423;2020-05-15;00:18:13.908;application/x-bolt;25533;0235975212 / 0000280090;132339646668250000;2020-05-15;00:17:46.825;;;;;;18008;132339646848330000;2020-05-15;00:18:04.833;;;;;;;;131900_0034386358;;;Multiple main barcodes detected;;;EDI+EDI;;Accept;;131900;2641;;123;Departures;;;;;;;;;;;;
D01/00000D49204B0008;132339647142881808;2020-05-15;00:18:34.288;application/x-bolt;28268;0235975211;132339646871910000;2020-05-15;00:18:07.191;;;;;;18007;132339647051980000;2020-05-15;00:18:25.198;;;;;;;;131900_0034386359;;;;;;EDI+EDI;;Accept;;131900;2671;;123;Departures;;;;;;;;;;;;
D01/00000D4920530007;132339647167882591;2020-05-15;00:18:36.788;application/x-bolt;24406;0235975213;132339646897030000;2020-05-15;00:18:09.703;;;;;;18008;132339647077110000;2020-05-15;00:18:27.711;;;;;;;;131900_0034386360;;;;Camera04;04;EDI+EDI;;Accept;;131900;2647;;123;Departures;;;;;;;;;;;;
D01/00000D49205A0007;132339647262301068;2020-05-15;00:18:46.230;application/x-bolt;26462;0235975210;132339646991510000;2020-05-15;00:18:19.151;;;;;;18007;132339647171580000;2020-05-15;00:18:37.158;;;;;;;;131900_0034386361;;;;;;EDI+EDI;;Accept;;131900;2677;;123;Departures;;;;;;;;;;;;
D01/00000D4920610006;132339647401576827;2020-05-15;00:19:00.158;application/x-bolt;23527;0235975214;132339647130800000;2020-05-15;00:18:33.080;;;;;;18008;132339647310880000;2020-05-15;00:18:51.088;;;;;;;;131900_0034386362;;;;Camera04;03;EDI+EDI;;Accept;;131900;2691;;123;Departures;;;;;;;;;;;;
D01/00000D4920670007;132339647910149537;2020-05-15;00:19:51.015;application/x-bolt;24346;0235975216;132339647639260000;2020-05-15;00:19:23.926;;;;;;18008;132339647819340000;2020-05-15;00:19:41.934;;;;;;;;131900_0034386363;;;;Camera05;01;EDI+EDI;;Accept;;131900;3733;;123;Departures;;;;;;;;;;;;
D01/00000D49206E0007;132339647939644055;2020-05-15;00:19:53.964;application/x-bolt;27074;0235975215;132339647668720000;2020-05-15;00:19:26.872;;;;;;18007;132339647848790000;2020-05-15;00:19:44.879;;;;;;;;131900_0034386364;;;;;;EDI+EDI;;Accept;;131900;2690;;123;Departures;;;;;;;;;;;;
D01/00000D4920750007;132339648162469256;2020-05-15;00:20:16.247;application/x-bolt;25077;0235975220;132339647891590000;2020-05-15;00:19:49.159;;;;;;18009;132339648071680000;2020-05-15;00:20:07.168;;;;;;;;131900_0034386366;;;;;;EDI+EDI;;Accept;;131900;2677;;123;Departures;;;;;;;;;;;;
D01/00000D49207C0007;132339648253134617;2020-05-15;00:20:25.313;application/x-bolt;25454;0235975218;132339647982170000;2020-05-15;00:19:58.217;;;;;;18008;132339648162250000;2020-05-15;00:20:16.225;;;;;;;;131900_0034386365;;;;Camera03;08;EDI+EDI;;Accept;;131900;2702;;123;Departures;;;;;;;;;;;;
D01/00000D4920830007;132339648406592163;2020-05-15;00:20:40.659;application/x-bolt;26534;0235975219;132339648135720000;2020-05-15;00:20:13.572;;;;;;18008;132339648315800000;2020-05-15;00:20:31.580;;;;;;;;131900_0034386368;;;;;;EDI+EDI;;Accept;;131900;2673;;123;Departures;;;;;;;;;;;;
D01/00000D49208A0008;132339648467893116;2020-05-15;00:20:46.789;application/x-bolt;28307;0235975217;132339648196770000;2020-05-15;00:20:19.677;;;;;;18023;132339648377000000;2020-05-15;00:20:37.700;;;;;;;;131900_0034386367;;;;;;EDI+EDI;;Accept;;131900;2678;;123;Departures;;;;;;;;;;;;
D01/00000D4920920007;132339648495345935;2020-05-15;00:20:49.535;application/x-bolt;25299;0235975222;132339648224610000;2020-05-15;00:20:22.461;;;;;;18007;132339648404680000;2020-05-15;00:20:40.468;;;;;;;;131900_0034386370;;;;;;EDI+EDI;;Accept;;131900;2691;;123;Departures;;;;;;;;;;;;
D01/00000D4920990007;132339648550031388;2020-05-15;00:20:55.003;application/x-bolt;26647;0235975221 / 0238975221;132339648279210000;2020-05-15;00:20:27.921;;;;;;18007;132339648459280000;2020-05-15;00:20:45.928;;;;;;;;131900_0034386369;;;Multiple main barcodes detected;;;EDI+EDI;;Accept;;131900;2671;;123;Departures;;;;;;;;;;;;
D01/00000D4920A00007;132339648744052661;2020-05-15;00:21:14.405;application/x-bolt;27292;0235975224;132339648473100000;2020-05-15;00:20:47.310;;;;;;18008;132339648653180000;2020-05-15;00:21:05.318;;;;;;;;131900_0034386371;;;;;;EDI+EDI;;Accept;;131900;2666;;123;Departures;;;;;;;;;;;;
D01/00000D4920A70007;132339649007791863;2020-05-15;00:21:40.779;application/x-bolt;24832;0235975223;132339648736830000;2020-05-15;00:21:13.683;;;;;;18008;132339648916910000;2020-05-15;00:21:31.691;;;;;;;;131900_0034386372;;;;Camera03;08;EDI+EDI;;Accept;;131900;2694;;123;Departures;;;;;;;;;;;;
D01/00000D4920AE0007;132339649396705118;2020-05-15;00:22:19.671;application/x-bolt;26068;0235975225;132339649125770000;2020-05-15;00:21:52.577;;;;;;18008;132339649305850000;2020-05-15;00:22:10.585;;;;;;;;131900_0034386373;;;;;;EDI+EDI;;Accept;;131900;3062;;123;Departures;;;;;;;;;;;;
D01/00000D4920B50007;132339649430433151;2020-05-15;00:22:23.043;application/x-bolt;24841;0235975226;132339649159570000;2020-05-15;00:21:55.957;;;;;;18008;132339649339650000;2020-05-15;00:22:13.965;;;;;;;;131900_0034386374;;;;Camera03;10;EDI+EDI;;Accept;;131900;2667;;123;Departures;;;;;;;;;;;;
D01/00000D4920BC0007;132339649740340733;2020-05-15;00:22:54.034;application/x-bolt;26481;0235975228;132339649469340000;2020-05-15;00:22:26.934;;;;;;18007;132339649649410000;2020-05-15;00:22:44.941;;;;;;;;131900_0034386378;;;;;;EDI+EDI;;Accept;;131900;2691;;123;Departures;;;;;;;;;;;;
D01/00000D4920C30007;132339649772277284;2020-05-15;00:22:57.228;application/x-bolt;27163;0235975227;132339649501020000;2020-05-15;00:22:30.102;;;;;;18042;132339649681440000;2020-05-15;00:22:48.144;;;;;;;;131900_0034386376;;;;;;EDI+EDI;;Accept;;131900;2642;;123;Departures;;;;;;;;;;;;
D01/00000D4920CA0007;132339649899743229;2020-05-15;00:23:09.974;application/x-bolt;25120;0235975229;132339649628780000;2020-05-15;00:22:42.878;;;;;;18007;132339649808850000;2020-05-15;00:23:00.885;;;;;;;;131900_0034386377;;;;Camera04;04;EDI+EDI;;Accept;;131900;4762;;123;Departures;;;;;;;;;;;;
D01/00000D4920D10007;132339650077180709;2020-05-15;00:23:27.718;application/x-bolt;24369;0235975230;132339649806330000;2020-05-15;00:23:00.633;;;;;;18007;132339649986400000;2020-05-15;00:23:18.640;;;;;;;;131900_0034386379;;;;Camera01;08;EDI+EDI;;Accept;;131900;2632;;123;Departures;;;;;;;;;;;;
D01/00000D4920D80007;132339650683054292;2020-05-15;00:24:28.305;application/x-bolt;25910;0235975231;132339650412150000;2020-05-15;00:24:01.215;;;;;;18007;132339650592220000;2020-05-15;00:24:19.222;;;;;;;;131900_0034386380;;;;;;EDI+EDI;;Accept;;131900;2593;;123;Departures;;;;;;;;;;;;
D01/00000D4920DF0007;132339650797719597;2020-05-15;00:24:39.772;application/x-bolt;26899;0235975232;132339650526740000;2020-05-15;00:24:12.674;;;;;;18008;132339650706820000;2020-05-15;00:24:30.682;;;;;;;;131900_0034386381;;;;;;EDI+EDI;;Accept;;131900;2980;;123;Departures;;;;;;;;;;;;
D01/00000D4920E60007;132339651186122426;2020-05-15;00:25:18.612;application/x-bolt;24950;0235975233;132339650915290000;2020-05-15;00:24:51.529;;;;;;18007;132339651095360000;2020-05-15;00:25:09.536;;;;;;;;131900_0034386382;;;;Camera05;03;EDI+EDI;;Accept;;131900;2577;;123;Departures;;;;;;;;;;;;
D01/00000D4920ED0007;132339651214586086;2020-05-15;00:25:21.459;application/x-bolt;25911;0235975234 / 0235526234;132339650943700000;2020-05-15;00:24:54.370;;;;;;18007;132339651123770000;2020-05-15;00:25:12.377;;;;;;;;131900_0034386383;;;Multiple main barcodes detected;;;EDI+EDI;;Accept;;131900;2609;;123;Departures;;;;;;;;;;;;
D01/00000D4920F40007;132339651636286586;2020-05-15;00:26:03.629;application/x-bolt;28035;0235975235;132339651365190000;2020-05-15;00:25:36.519;;;;;;18008;132339651545270000;2020-05-15;00:25:54.527;;;;;;;;131900_0034386386;;;;;;EDI+EDI;;Accept;;131900;2636;;123;Departures;;;;;;;;;;;;
D01/00000D4920FB0007;132339651658935412;2020-05-15;00:26:05.894;application/x-bolt;26223;0235975236;132339651388100000;2020-05-15;00:25:38.810;;;;;;18009;132339651568190000;2020-05-15;00:25:56.819;;;;;;;;131900_0034386385;;;;;;EDI+EDI;;Accept;;131900;2539;;123;Departures;;;;;;;;;;;;
D01/00000D4921020007;132339652167758330;2020-05-15;00:26:56.776;application/x-bolt;26250;0235975237;132339651896760000;2020-05-15;00:26:29.676;;;;;;18008;132339652076840000;2020-05-15;00:26:47.684;;;;;;;;131900_0034386387;;;;;;EDI+EDI;;Accept;;131900;2561;;123;Departures;;;;;;;;;;;;
D01/00000D4921090007;132339652564448048;2020-05-15;00:27:36.445;application/x-bolt;24320;0235975238;132339652293430000;2020-05-15;00:27:09.343;;;;;;18008;132339652473510000;2020-05-15;00:27:27.351;;;;;;;;131900_0034386388;;;;Camera04;05;EDI+EDI;;Accept;;131900;2572;;123;Departures;;;;;;;;;;;;
D01/00000D4921100007;132339653791227709;2020-05-15;00:29:39.123;application/x-bolt;26425;0235975239;132339653520180000;2020-05-15;00:29:12.018;;;;;;18008;132339653700260000;2020-05-15;00:29:30.026;;;;;;;;131900_0034386389;;;;;;EDI+EDI;;Accept;;131900;3641;;123;Departures;;;;;;;;;;;;
D01/00000D4921170007;132339655075495152;2020-05-15;00:31:47.550;application/x-bolt;24686;0235975240;132339654804620000;2020-05-15;00:31:20.462;;;;;;18008;132339654984700000;2020-05-15;00:31:38.470;;;;;;;;131900_0034386390;;;;Camera05;01;EDI+EDI;;Accept;;131900;2450;;123;Departures;;;;;;;;;;;;
D01/00000D49211E0006;132339655495264047;2020-05-15;00:32:29.526;application/x-bolt;22324;0235975241;132339655224260000;2020-05-15;00:32:02.426;;;;;;18008;132339655404340000;2020-05-15;00:32:20.434;;;;;;;;131900_0034386391;;;;;;EDI+EDI;;Accept;;131900;5241;;123;Departures;;;;;;;;;;;;
D01/00000D4921240007;132339655847036432;2020-05-15;00:33:04.704;application/x-bolt;26152;0235975242;132339655576070000;2020-05-15;00:32:37.607;;;;;;18008;132339655756150000;2020-05-15;00:32:55.615;;;;;;;;131900_0034386392;;;;Camera04;01;EDI+EDI;;Accept;;131900;2456;;123;Departures;;;;;;;;;;;;
D01/00000D49212B0006;132339657788149826;2020-05-15;00:36:18.815;application/x-bolt;23557;0235975244;132339657517160000;2020-05-15;00:35:51.716;;;;;;18008;132339657697240000;2020-05-15;00:36:09.724;;;;;;;;131900_0034386394;;;;Camera03;10;EDI+EDI;;Accept;;131900;2461;;123;Departures;;;;;;;;;;;;
D01/00000D4921310007;132339657875352305;2020-05-15;00:36:27.535;application/x-bolt;25706;0235975243;132339657604300000;2020-05-15;00:36:00.430;;;;;;18008;132339657784380000;2020-05-15;00:36:18.438;;;;;;;;131900_0034386396;;;;;;EDI+EDI;;Accept;;131900;2443;;123;Departures;;;;;;;;;;;;
D01/00000D4921380006;132339658021766734;2020-05-15;00:36:42.177;application/x-bolt;23428;0235975245;132339657750700000;2020-05-15;00:36:15.070;;;;;;18008;132339657930780000;2020-05-15;00:36:33.078;;;;;;;;131900_0034386395;;;;Camera04;10;EDI+EDI;;Accept;;131900;2449;;123;Departures;;;;;;;;;;;;
D01/00000D49213E0007;132339658560475001;2020-05-15;00:37:36.047;application/x-bolt;24745;0235975246;132339658289420000;2020-05-15;00:37:08.942;;;;;;18008;132339658469500000;2020-05-15;00:37:26.950;;;;;;;;131900_0034386397;;;;;;EDI+EDI;;Accept;;131900;2468;;123;Departures;;;;;;;;;;;;
D01/00000D4921450006;132339658588188581;2020-05-15;00:37:38.819;application/x-bolt;23878;0235975247;132339658317130000;2020-05-15;00:37:11.713;;;;;;18008;132339658497210000;2020-05-15;00:37:29.721;;;;;;;;131900_0034386398;;;;Camera03;13;EDI+EDI;;Accept;;131900;2483;;123;Departures;;;;;;;;;;;;
D01/00000D49214B0007;132339658669938119;2020-05-15;00:37:46.994;application/x-bolt;25418;0235975248;132339658398850000;2020-05-15;00:37:19.885;;;;;;18009;132339658578940000;2020-05-15;00:37:37.894;;;;;;;;131900_0034386399;;;;Camera03;08;EDI+EDI;;Accept;;131900;2470;;123;Departures;;;;;;;;;;;;
D01/00000D4921520007;132339658954019781;2020-05-15;00:38:15.402;application/x-bolt;27366;0235975250;132339658682860000;2020-05-15;00:37:48.286;;;;;;18009;132339658862950000;2020-05-15;00:38:06.295;;;;;;;;131900_0034386400;;;;;;EDI+EDI;;Accept;;131900;2516;;123;Departures;;;;;;;;;;;;
D01/00000D4921590007;132339659135153872;2020-05-15;00:38:33.515;application/x-bolt;25227;0235975249;132339658863990000;2020-05-15;00:38:06.399;;;;;;18008;132339659044070000;2020-05-15;00:38:24.407;;;;;;;;131900_0034386402;;;;;;EDI+EDI;;Accept;;131900;2463;;123;Departures;;;;;;;;;;;;
D01/00000D4921600006;132339659168782479;2020-05-15;00:38:36.878;application/x-bolt;22692;0235975251;132339658897730000;2020-05-15;00:38:09.773;;;;;;18008;132339659077810000;2020-05-15;00:38:27.781;;;;;;;;131900_0034386401;;;;;;EDI+EDI;;Accept;;131900;2481;;123;Departures;;;;;;;;;;;;
D01/00000D4921660008;132339659191251605;2020-05-15;00:38:39.125;application/x-bolt;29285;0235975252;132339658920130000;2020-05-15;00:38:12.013;;;;;;18008;132339659100210000;2020-05-15;00:38:30.021;;;;;;;;131900_0034386403;;;;;;EDI+EDI;;Accept;;131900;2399;;123;Departures;;;;;;;;;;;;
D01/00000D49216E0006;132339659594124308;2020-05-15;00:39:19.412;application/x-bolt;23974;0235975256;132339659322940000;2020-05-15;00:38:52.294;;;;;;18008;132339659503020000;2020-05-15;00:39:10.302;;;;;;;;131900_0034386404;;;;Camera04;08;EDI+EDI;;Accept;;131900;3353;;123;Departures;;;;;;;;;;;;
D01/00000D4921740007;132339659625040607;2020-05-15;00:39:22.504;application/x-bolt;25437;0235975257;132339659353590000;2020-05-15;00:38:55.359;;;;;;18037;132339659533960000;2020-05-15;00:39:13.396;;;;;;;;131900_0034386405;;;;;;EDI+EDI;;Accept;;131900;2525;;123;Departures;;;;;;;;;;;;
D01/00000D49217B0007;132339659733562923;2020-05-15;00:39:33.356;application/x-bolt;25540;0235975254;132339659462340000;2020-05-15;00:39:06.234;;;;;;18008;132339659642420000;2020-05-15;00:39:24.242;;;;;;;;131900_0034386406;;;;;;EDI+EDI;;Accept;;131900;2546;;123;Departures;;;;;;;;;;;;
D01/00000D4921820007;132339659913455960;2020-05-15;00:39:51.346;application/x-bolt;25195;0235975258;132339659642280000;2020-05-15;00:39:24.228;;;;;;18008;132339659822360000;2020-05-15;00:39:42.236;;;;;;;;131900_0034386407;;;;;;EDI+EDI;;Accept;;131900;3427;;123;Departures;;;;;;;;;;;;
D01/00000D4921890007;132339660137876881;2020-05-15;00:40:13.788;application/x-bolt;24326;0235975259;132339659866650000;2020-05-15;00:39:46.665;;;;;;18008;132339660046730000;2020-05-15;00:40:04.673;;;;;;;;131900_0034386409;;;;Camera04;08;EDI+EDI;;Accept;;131900;2549;;123;Departures;;;;;;;;;;;;
D01/00000D4921900006;132339660246709452;2020-05-15;00:40:24.671;application/x-bolt;24069;0235975260;132339659975790000;2020-05-15;00:39:57.579;;;;;;18007;132339660155860000;2020-05-15;00:40:15.586;;;;;;;;131900_0034386410;;;;Camera06;06;EDI+EDI;;Accept;;131900;2567;;123;Departures;;;;;;;;;;;;
D01/00000D4921960007;132339660456748126;2020-05-15;00:40:45.675;application/x-bolt;25565;0235975262;132339660185480000;2020-05-15;00:40:18.548;;;;;;18008;132339660365560000;2020-05-15;00:40:36.556;;;;;;;;131900_0034386411;;;;Camera03;10;EDI+EDI;;Accept;;131900;2587;;123;Departures;;;;;;;;;;;;
D01/00000D49219D0007;132339660484942110;2020-05-15;00:40:48.494;application/x-bolt;26624;0235975255;132339660213720000;2020-05-15;00:40:21.372;;;;;;18008;132339660393800000;2020-05-15;00:40:39.380;;;;;;;;131900_0034386413;;;;;;EDI+EDI;;Accept;;131900;2606;;123;Departures;;;;;;;;;;;;
D01/00000D4921A40006;132339660601601349;2020-05-15;00:41:00.160;application/x-bolt;23902;0235975264;132339660330360000;2020-05-15;00:40:33.036;;;;;;18008;132339660510440000;2020-05-15;00:40:51.044;;;;;;;;131900_0034386414;;;;Camera06;06;EDI+EDI;;Accept;;131900;2627;;123;Departures;;;;;;;;;;;;
D01/00000D4921AA0007;132339660627543418;2020-05-15;00:41:02.754;application/x-bolt;25454;0235975253;132339660356360000;2020-05-15;00:40:35.636;;;;;;18008;132339660536440000;2020-05-15;00:40:53.644;;;;;;;;131900_0034386415;;;;;;EDI+EDI;;Accept;;131900;2614;;123;Departures;;;;;;;;;;;;
D01/00000D4921B10007;132339660707271242;2020-05-15;00:41:10.727;application/x-bolt;27576;0235975261;132339660436050000;2020-05-15;00:40:43.605;;;;;;18009;132339660616140000;2020-05-15;00:41:01.614;;;;;;;;131900_0034386412;;;;;;EDI+EDI;;Accept;;131900;4053;;123;Departures;;;;;;;;;;;;
D01/00000D4921B80006;132339660860291412;2020-05-15;00:41:26.029;application/x-bolt;23516;0235975263;132339660589130000;2020-05-15;00:40:58.913;;;;;;18008;132339660769210000;2020-05-15;00:41:16.921;;;;;;;;131900_0034386416;;;;Camera06;09;EDI+EDI;;Accept;;131900;2668;;123;Departures;;;;;;;;;;;;
D01/00000D4921BE0007;132339660973146212;2020-05-15;00:41:37.315;application/x-bolt;25440;0235975265;132339660702130000;2020-05-15;00:41:10.213;;;;;;18010;132339660882230000;2020-05-15;00:41:28.223;;;;;;;;131900_0034386418;;;;;;EDI+EDI;;Accept;;131900;2674;;123;Departures;;;;;;;;;;;;
D01/00000D4921C50007;132339661002230564;2020-05-15;00:41:40.223;application/x-bolt;25146;0235975266;132339660731250000;2020-05-15;00:41:13.125;;;;;;18008;132339660911330000;2020-05-15;00:41:31.133;;;;;;;;131900_0034386417;;;;Camera03;09;EDI+EDI;;Accept;;131900;2680;;123;Departures;;;;;;;;;;;;
D01/00000D4921CC0007;132339661243132323;2020-05-15;00:42:04.313;application/x-bolt;25236;0235975267 / 6735975267;132339660971850000;2020-05-15;00:41:37.185;;;;;;18009;132339661151940000;2020-05-15;00:41:55.194;;;;;;;;131900_0034386419;;;Multiple main barcodes detected;Camera03;07;EDI+EDI;;Accept;;131900;2659;;123;Departures;;;;;;;;;;;;
D01/00000D4921D30007;132339661555093597;2020-05-15;00:42:35.509;application/x-bolt;25749;0235975271;132339661283790000;2020-05-15;00:42:08.379;;;;;;18008;132339661463870000;2020-05-15;00:42:26.387;;;;;;;;131900_0034386420;;;;;;EDI+EDI;;Accept;;131900;2652;;123;Departures;;;;;;;;;;;;
D01/00000D4921DA0007;132339661779731731;2020-05-15;00:42:57.973;application/x-bolt;25974;0235975270;132339661508420000;2020-05-15;00:42:30.842;;;;;;18008;132339661688500000;2020-05-15;00:42:48.850;;;;;;;;131900_0034386423;;;;;;EDI+EDI;;Accept;;131900;2680;;123;Departures;;;;;;;;;;;;
D01/00000D4921E10007;132339661906187642;2020-05-15;00:43:10.619;application/x-bolt;25838;0235975268 / 0624117946;132339661634990000;2020-05-15;00:42:43.499;;;;;;18007;132339661815060000;2020-05-15;00:43:01.506;;;;;;;;131900_0034386422;;;Multiple main barcodes detected;;;EDI+EDI;;Accept;;131900;4136;;123;Departures;;;;;;;;;;;;
D01/00000D4921E80007;132339661958341320;2020-05-15;00:43:15.834;application/x-bolt;27045;0235975269;132339661687140000;2020-05-15;00:42:48.714;;;;;;18008;132339661867220000;2020-05-15;00:43:06.722;;;;;;;;131900_0034386424;;;;;;EDI+EDI;;Accept;;131900;2664;;123;Departures;;;;;;;;;;;;
D01/00000D4921EF0007;132339662180607470;2020-05-15;00:43:38.061;application/x-bolt;24738;0235975274;132339661909430000;2020-05-15;00:43:10.943;;;;;;18008;132339662089510000;2020-05-15;00:43:28.951;;;;;;;;131900_0034386426;;;;Camera05;01;EDI+EDI;;Accept;;131900;2668;;123;Departures;;;;;;;;;;;;
D01/00000D4921F60007;132339662214395768;2020-05-15;00:43:41.440;application/x-bolt;25327;0235975272;132339661942790000;2020-05-15;00:43:14.279;;;;;;18008;132339662122870000;2020-05-15;00:43:32.287;;;;;;;;131900_0034386425;;;;;;EDI+EDI;;Accept;;131900;2678;;123;Departures;;;;;;;;;;;;
D01/00000D4921FD0007;132339662260003967;2020-05-15;00:43:46.000;application/x-bolt;25067;0235975273;132339661988800000;2020-05-15;00:43:18.880;;;;;;18008;132339662168880000;2020-05-15;00:43:36.888;;;;;;;;131900_0034386427;;;;;;EDI+EDI;;Accept;;131900;2667;;123;Departures;;;;;;;;;;;;
D01/00000D4922040007;132339662901190967;2020-05-15;00:44:50.119;application/x-bolt;24344;0235975276;132339662630020000;2020-05-15;00:44:23.002;;;;;;18007;132339662810090000;2020-05-15;00:44:41.009;;;;;;;;131900_0034386428;;;;Camera06;08;EDI+EDI;;Accept;;131900;4654;;123;Departures;;;;;;;;;;;;
D01/00000D49220B0007;132339663213922888;2020-05-15;00:45:21.392;application/x-bolt;26370;0235975275;132339662942650000;2020-05-15;00:44:54.265;;;;;;18008;132339663122730000;2020-05-15;00:45:12.273;;;;;;;;131900_0034386429;;;;;;EDI+EDI;;Accept;;131900;2623;;123;Departures;;;;;;;;;;;;
D01/00000D4922120007;132339663608153051;2020-05-15;00:46:00.815;application/x-bolt;26625;0235975277;132339663336790000;2020-05-15;00:45:33.679;;;;;;18007;132339663516860000;2020-05-15;00:45:51.686;;;;;;;;131900_0034386430;;;;;;EDI+EDI;;Accept;;131900;2649;;123;Departures;;;;;;;;;;;;
D01/00000D4922190007;132339664155539758;2020-05-15;00:46:55.554;application/x-bolt;25086;0235975278;132339663884210000;2020-05-15;00:46:28.421;;;;;;18007;132339664064280000;2020-05-15;00:46:46.428;;;;;;;;131900_0034386432;;;;Camera04;09;EDI+EDI;;Accept;;131900;2569;;123;Departures;;;;;;;;;;;;
D01/00000D4922200007;132339664254722196;2020-05-15;00:47:05.472;application/x-bolt;26065;0235975280;132339663983450000;2020-05-15;00:46:38.345;;;;;;18007;132339664163520000;2020-05-15;00:46:56.352;;;;;;;;131900_0034386434;;;;;;EDI+EDI;;Accept;;131900;2564;;123;Departures;;;;;;;;;;;;
D01/00000D4922270007;132339664333867977;2020-05-15;00:47:13.387;application/x-bolt;26078;0235975279;132339664062650000;2020-05-15;00:46:46.265;;;;;;18008;132339664242730000;2020-05-15;00:47:04.273;;;;;;;;131900_0034386433;;;;;;EDI+EDI;;Accept;;131900;2553;;123;Departures;;;;;;;;;;;;
D01/00000D49222E0007;132339664681657050;2020-05-15;00:47:48.166;application/x-bolt;26519;0235975282;132339664410360000;2020-05-15;00:47:21.036;;;;;;18007;132339664590430000;2020-05-15;00:47:39.043;;;;;;;;131900_0034386435;;;;;;EDI+EDI;;Accept;;131900;2551;;123;Departures;;;;;;;;;;;;
D01/00000D4922350007;132339664976502113;2020-05-15;00:48:17.650;application/x-bolt;25938;0235975281;132339664705240000;2020-05-15;00:47:50.524;;;;;;18007;132339664885310000;2020-05-15;00:48:08.531;;;;;;;;131900_0034386436;;;;;;EDI+EDI;;Accept;;131900;2548;;123;Departures;;;;;;;;;;;;
D01/00000D49223C0007;132339665484814609;2020-05-15;00:49:08.481;application/x-bolt;26527;0235975283;132339665213580000;2020-05-15;00:48:41.358;;;;;;18008;132339665393660000;2020-05-15;00:48:59.366;;;;;;;;131900_0034386437;;;;;;EDI+EDI;;Accept;;131900;2478;;123;Departures;;;;;;;;;;;;
D01/00000D4922430008;132339665782492030;2020-05-15;00:49:38.249;application/x-bolt;30960;;132339665299090000;2020-05-15;00:48:49.909;;;;;;39199;132339665691080000;2020-05-15;00:49:29.108;;0235975284;10376;252;;Partial;10559;131900_0034386438;;;;Camera04;08;OCR+EDI;;Accept;;131900;2543;;123;Departures;;;;;;;;;;;;
D01/00000D49224B0009;132339666068089409;2020-05-15;00:50:06.809;application/x-bolt;32339;;132339665722140000;2020-05-15;00:49:32.214;FRU - TK344;FRU;2020-05-15;TK344;;25444;132339665976580000;2020-05-15;00:49:57.658;;;10548;425;;Partial;11453;131900_0034386439;TK_0344_DFR1505;;"Enrichment ""VCCLicense"" cancelled: no requester available";Camera04;05;VCS+OCR;;Accept;;131900;3436;;123;Departures;;3;Cancelled: no requester available;Cancel;22439;;;;;;;
D01/00000D4922540006;132339667091680185;2020-05-15;00:51:49.168;application/x-bolt;24090;0235975286;132339666820190000;2020-05-15;00:51:22.019;;;;;;18008;132339667000270000;2020-05-15;00:51:40.027;;;;;;;;131900_0034386440;;;;Camera04;08;EDI+EDI;;Accept;;131900;5614;;123;Departures;;;;;;;;;;;;
D01/00000D49225A0007;132339668186510173;2020-05-15;00:53:38.651;application/x-bolt;24833;0235975287;132339667915080000;2020-05-15;00:53:11.508;;;;;;18012;132339668095200000;2020-05-15;00:53:29.520;;;;;;;;131900_0034386441;;;;Camera04;10;EDI+EDI;;Accept;;131900;2437;;123;Departures;;;;;;;;;;;;
D01/00000D4922610007;132339668447006687;2020-05-15;00:54:04.701;application/x-bolt;27474;0235975288;132339668175620000;2020-05-15;00:53:37.562;;;;;;18008;132339668355700000;2020-05-15;00:53:55.570;;;;;;;;131900_0034386442;;;;;;EDI+EDI;;Accept;;131900;2476;;123;Departures;;;;;;;;;;;;
D01/00000D4922680007;132339668638976248;2020-05-15;00:54:23.898;application/x-bolt;24961;0235975289;132339668367560000;2020-05-15;00:53:56.756;;;;;;18008;132339668547640000;2020-05-15;00:54:14.764;;;;;;;;131900_0034386443;;;;;;EDI+EDI;;Accept;;131900;2457;;123;Departures;;;;;;;;;;;;
D01/00000D49226F0007;132339668985444225;2020-05-15;00:54:58.544;application/x-bolt;26114;0235975291;132339668714050000;2020-05-15;00:54:31.405;;;;;;18008;132339668894130000;2020-05-15;00:54:49.413;;;;;;;;131900_0034386444;;;;;;EDI+EDI;;Accept;;131900;2525;;123;Departures;;;;;;;;;;;;
D01/00000D4922760007;132339669382254041;2020-05-15;00:55:38.225;application/x-bolt;24507;0235975294;132339669110770000;2020-05-15;00:55:11.077;;;;;;18008;132339669290850000;2020-05-15;00:55:29.085;;;;;;;;131900_0034386445;;;;Camera04;08;EDI+EDI;;Accept;;131900;2464;;123;Departures;;;;;;;;;;;;
D01/00000D49227D0007;132339669648355224;2020-05-15;00:56:04.836;application/x-bolt;28142;0235975295;132339669376970000;2020-05-15;00:55:37.697;;;;;;18007;132339669557040000;2020-05-15;00:55:55.704;;;;;;;;131900_0034386447;;;;;;EDI+EDI;;Accept;;131900;2468;;123;Departures;;;;;;;;;;;;
D01/00000D4922840006;132339669796958728;2020-05-15;00:56:19.696;application/x-bolt;23568;0235975293;132339669525630000;2020-05-15;00:55:52.563;;;;;;18008;132339669705710000;2020-05-15;00:56:10.571;;;;;;;;131900_0034386446;;;;Camera03;09;EDI+EDI;;Accept;;131900;3103;;123;Departures;;;;;;;;;;;;
D01/00000D49228A0007;132339669889455608;2020-05-15;00:56:28.946;application/x-bolt;27539;0235975290;132339669618010000;2020-05-15;00:56:01.801;;;;;;18009;132339669798100000;2020-05-15;00:56:19.810;;;;;;;;131900_0034386448;;;;;;EDI+EDI;;Accept;;131900;2534;;123;Departures;;;;;;;;;;;;
D01/00000D4922910006;132339670218068739;2020-05-15;00:57:01.807;application/x-bolt;22329;0235975292;132339669946750000;2020-05-15;00:56:34.675;;;;;;18007;132339670126820000;2020-05-15;00:56:52.682;;;;;;;;131900_0034386449;;;;;;EDI+EDI;;Accept;;131900;2490;;123;Departures;;;;;;;;;;;;
D01/00000D4922970006;132339670963468294;2020-05-15;00:58:16.347;application/x-bolt;23479;0235975296;132339670691990000;2020-05-15;00:57:49.199;;;;;;18009;132339670872080000;2020-05-15;00:58:07.208;;;;;;;;131900_0034386450;;;;Camera06;05;EDI+EDI;;Accept;;131900;2488;;123;Departures;;;;;;;;;;;;
D01/00000D49229D0007;132339671100522210;2020-05-15;00:58:30.052;application/x-bolt;27329;0235975297;132339670829110000;2020-05-15;00:58:02.911;;;;;;18009;132339671009200000;2020-05-15;00:58:20.920;;;;;;;;131900_0034386454;;;;;;EDI+EDI;;Accept;;131900;4754;;123;Departures;;;;;;;;;;;;
D01/00000D4922A40007;132339671403584105;2020-05-15;00:59:00.358;application/x-bolt;26375;0235975298;132339671132180000;2020-05-15;00:58:33.218;;;;;;18007;132339671312250000;2020-05-15;00:58:51.225;;;;;;;;131900_0034386453;;;;;;EDI+EDI;;Accept;;131900;2546;;123;Departures;;;;;;;;;;;;
D01/00000D4922AB0007;132339671981994861;2020-05-15;00:59:58.199;application/x-bolt;26773;0235975299;132339671710490000;2020-05-15;00:59:31.049;;;;;;18008;132339671890570000;2020-05-15;00:59:49.057;;;;;;;;131900_0034386455;;;;;;EDI+EDI;;Accept;;131900;2521;;123;Departures;;;;;;;;;;;;
D01/00000D4922B20007;132339672137243899;2020-05-15;01:00:13.724;application/x-bolt;26356;0235975300;132339671865830000;2020-05-15;00:59:46.583;;;;;;18007;132339672045900000;2020-05-15;01:00:04.590;;;;;;;;131900_0034386456;;;;;;EDI+EDI;;Accept;;131900;2496;;123;Departures;;;;;;;;;;;;
D01/00000D4922B90007;132339672289620549;2020-05-15;01:00:28.962;application/x-bolt;26553;0235975301 / 0465908092;132339672018140000;2020-05-15;01:00:01.814;;;;;;18008;132339672198220000;2020-05-15;01:00:19.822;;;;;;;;131900_0034386457;;;Multiple main barcodes detected;;;EDI+EDI;;Accept;;131900;2484;;123;Departures;;;;;;;;;;;;
D01/00000D4922C00007;132339672434480956;2020-05-15;01:00:43.448;application/x-bolt;24348;6735975302 / 0235975302 / 4935975302;132339672163000000;2020-05-15;01:00:16.300;;;;;;18008;132339672343080000;2020-05-15;01:00:34.308;;;;;;;;131900_0034386458;;;Multiple main barcodes detected;;;EDI+EDI;;Accept;;131900;2512;;123;Departures;;;;;;;;;;;;
D01/00000D4922C70007;132339672635017633;2020-05-15;01:01:03.502;application/x-bolt;25652;0235975304;132339672363530000;2020-05-15;01:00:36.353;;;;;;18008;132339672543610000;2020-05-15;01:00:54.361;;;;;;;;131900_0034386459;;;;;;EDI+EDI;;Accept;;131900;2536;;123;Departures;;;;;;;;;;;;
D01/00000D4922CE0007;132339672696418668;2020-05-15;01:01:09.642;application/x-bolt;25015;0235975303;132339672424970000;2020-05-15;01:00:42.497;;;;;;18008;132339672605050000;2020-05-15;01:01:00.505;;;;;;;;131900_0034386460;;;;Camera03;10;EDI+EDI;;Accept;;131900;2517;;123;Departures;;;;;;;;;;;;
D01/00000D4922D50007;132339673121632094;2020-05-15;01:01:52.163;application/x-bolt;26686;0235975305;132339672850170000;2020-05-15;01:01:25.017;;;;;;18008;132339673030250000;2020-05-15;01:01:43.025;;;;;;;;131900_0034386461;;;;;;EDI+EDI;;Accept;;131900;2637;;123;Departures;;;;;;;;;;;;
D01/00000D4922DC0007;132339673398932575;2020-05-15;01:02:19.893;application/x-bolt;25354;0235975306;132339673127570000;2020-05-15;01:01:52.757;;;;;;18007;132339673307640000;2020-05-15;01:02:10.764;;;;;;;;131900_0034386463;;;;Camera06;04;EDI+EDI;;Accept;;131900;2901;;123;Departures;;;;;;;;;;;;
D01/00000D4922E30007;132339673425904995;2020-05-15;01:02:22.590;application/x-bolt;25469;0235975307;132339673154500000;2020-05-15;01:01:55.450;;;;;;18009;132339673334590000;2020-05-15;01:02:13.459;;;;;;;;131900_0034386464;;;;Camera03;07;EDI+EDI;;Accept;;131900;2509;;123;Departures;;;;;;;;;;;;
D01/00000D4922EA0007;132339673852509579;2020-05-15;01:03:05.251;application/x-bolt;26343;0235975309;132339673580910000;2020-05-15;01:02:38.091;;;;;;18008;132339673760990000;2020-05-15;01:02:56.099;;;;;;;;131900_0034386465;;;;;;EDI+EDI;;Accept;;131900;2532;;123;Departures;;;;;;;;;;;;
D01/00000D4922F10007;132339673883385239;2020-05-15;01:03:08.339;application/x-bolt;24144;0235975308 / 4935975308;132339673611670000;2020-05-15;01:02:41.167;;;;;;18032;132339673791990000;2020-05-15;01:02:59.199;;;;;;;;131900_0034386466;;;Multiple main barcodes detected;Camera02;10;EDI+EDI;;Accept;;131900;2553;;123;Departures;;;;;;;;;;;;
D01/00000D4922F80007;132339674419290671;2020-05-15;01:04:01.929;application/x-bolt;26807;0235975311;132339674147750000;2020-05-15;01:03:34.775;;;;;;18007;132339674327820000;2020-05-15;01:03:52.782;;;;;;;;131900_0034386467;;;;;;EDI+EDI;;Accept;;131900;2584;;123;Departures;;;;;;;;;;;;
D01/00000D4922FF0007;132339674873738389;2020-05-15;01:04:47.374;application/x-bolt;27015;0235975312;132339674602270000;2020-05-15;01:04:20.227;;;;;;18007;132339674782340000;2020-05-15;01:04:38.234;;;;;;;;131900_0034386468;;;;;;EDI+EDI;;Accept;;131900;2513;;123;Departures;;;;;;;;;;;;
D01/00000D4923060007;132339675225650887;2020-05-15;01:05:22.565;application/x-bolt;25183;0235975310;132339674953500000;2020-05-15;01:04:55.350;;;;;;18008;132339675133580000;2020-05-15;01:05:13.358;;;;;;;;131900_0034386469;;;;Camera02;12;EDI+EDI;;Accept;;131900;2566;;123;Departures;;;;;;;;;;;;
D01/00000D49231C0008;132339675481153252;2020-05-15;01:05:48.115;application/x-bolt;31943;;132339674987460000;2020-05-15;01:04:58.746;;;;;;40201;132339675389470000;2020-05-15;01:05:38.947;;0235975313;10807;739;;Partial;10643;131900_0034386470;;;;Camera04;09;OCR+EDI;;Accept;;131900;2616;;123;Departures;;;;;;;;;;;;
D01/00000D49230D0008;132339675307078567;2020-05-15;01:05:30.708;application/x-bolt;28463;0235975315;132339675035540000;2020-05-15;01:05:03.554;;;;;;18008;132339675215620000;2020-05-15;01:05:21.562;;;;;;;;131900_0034386471;;;;;;EDI+EDI;;Accept;;131900;2555;;123;Departures;;;;;;;;;;;;
D01/00000D4923150007;132339675338204434;2020-05-15;01:05:33.820;application/x-bolt;24409;6735975314 / 0235975314 / 4935975314;132339675066720000;2020-05-15;01:05:06.672;;;;;;18017;132339675246890000;2020-05-15;01:05:24.689;;;;;;;;131900_0034386472;;;Multiple main barcodes detected;;;EDI+EDI;;Accept;;131900;2568;;123;Departures;;;;;;;;;;;;
D01/00000D4923240006;132339675919447552;2020-05-15;01:06:31.945;application/x-bolt;22178;0235975316;132339675647940000;2020-05-15;01:06:04.794;;;;;;18007;132339675828010000;2020-05-15;01:06:22.801;;;;;;;;131900_0034386480;;;;;;EDI+EDI;;Accept;;131900;2897;;123;Departures;;;;;;;;;;;;
D01/00000D49232A0007;132339676094573110;2020-05-15;01:06:49.457;application/x-bolt;25721;0235975317;132339675823090000;2020-05-15;01:06:22.309;;;;;;18008;132339676003170000;2020-05-15;01:06:40.317;;;;;;;;131900_0034386481;;;;;;EDI+EDI;;Accept;;131900;5352;;123;Departures;;;;;;;;;;;;
D01/00000D4923310007;132339676406692533;2020-05-15;01:07:20.669;application/x-bolt;26654;0235975318;132339676135170000;2020-05-15;01:06:53.517;;;;;;18007;132339676315240000;2020-05-15;01:07:11.524;;;;;;;;131900_0034386482;;;;;;EDI+EDI;;Accept;;131900;2518;;123;Departures;;;;;;;;;;;;
D01/00000D4923380007;132339676549020834;2020-05-15;01:07:34.902;application/x-bolt;25164;0235975319;132339676277560000;2020-05-15;01:07:07.756;;;;;;18007;132339676457630000;2020-05-15;01:07:25.763;;;;;;;;131900_0034386483;;;;;;EDI+EDI;;Accept;;131900;2568;;123;Departures;;;;;;;;;;;;
D01/00000D49233F0007;132339677380962314;2020-05-15;01:08:58.096;application/x-bolt;26584;0235975321;132339677109340000;2020-05-15;01:08:30.934;;;;;;18007;132339677289410000;2020-05-15;01:08:48.941;;;;;;;;131900_0034386484;;;;;;EDI+EDI;;Accept;;131900;2530;;123;Departures;;;;;;;;;;;;
D01/00000D4923460008;132339677465432523;2020-05-15;01:09:06.543;application/x-bolt;28848;0235975320;132339677193810000;2020-05-15;01:08:39.381;;;;;;18007;132339677373880000;2020-05-15;01:08:57.388;;;;;;;;131900_0034386485;;;;;;EDI+EDI;;Accept;;131900;2515;;123;Departures;;;;;;;;;;;;
D01/00000D49234E0007;132339677865144750;2020-05-15;01:09:46.514;application/x-bolt;24832;0235975322;132339677593600000;2020-05-15;01:09:19.360;;;;;;18008;132339677773680000;2020-05-15;01:09:37.368;;;;;;;;131900_0034386486;;;;Camera03;05;EDI+EDI;;Accept;;131900;2535;;123;Departures;;;;;;;;;;;;
D01/00000D4923550007;132339678113090837;2020-05-15;01:10:11.309;application/x-bolt;25176;0235975323;132339677841560000;2020-05-15;01:09:44.156;;;;;;18007;132339678021630000;2020-05-15;01:10:02.163;;;;;;;;131900_0034386488;;;;Camera03;12;EDI+EDI;;Accept;;131900;3522;;123;Departures;;;;;;;;;;;;
D01/00000D49235C0007;132339679187323707;2020-05-15;01:11:58.732;application/x-bolt;25309;0235975325;132339678915770000;2020-05-15;01:11:31.577;;;;;;18008;132339679095850000;2020-05-15;01:11:49.585;;;;;;;;131900_0034386493;;;;Camera03;11;EDI+EDI;;Accept;;131900;2477;;123;Departures;;;;;;;;;;;;
D01/00000D4923630006;132339679282162536;2020-05-15;01:12:08.216;application/x-bolt;22472;0235975326;132339679010480000;2020-05-15;01:11:41.048;;;;;;18014;132339679190620000;2020-05-15;01:11:59.062;;;;;;;;131900_0034386490;;;;;;EDI+EDI;;Accept;;131900;2511;;123;Departures;;;;;;;;;;;;
D01/00000D4923690007;132339679439363195;2020-05-15;01:12:23.936;application/x-bolt;24605;0235975324;132339679167740000;2020-05-15;01:11:56.774;;;;;;18010;132339679347840000;2020-05-15;01:12:14.784;;;;;;;;131900_0034386491;;;;Camera04;10;EDI+EDI;;Accept;;131900;2503;;123;Departures;;;;;;;;;;;;
D01/00000D4923700007;132339679552517244;2020-05-15;01:12:35.252;application/x-bolt;25269;0235975327;132339679280900000;2020-05-15;01:12:08.090;;;;;;18008;132339679460980000;2020-05-15;01:12:26.098;;;;;;;;131900_0034386492;;;;;;EDI+EDI;;Accept;;131900;2517;;123;Departures;;;;;;;;;;;;
D01/00000D4923770007;132339680680765011;2020-05-15;01:14:28.077;application/x-bolt;24426;0235975328;132339680409180000;2020-05-15;01:14:00.918;;;;;;18008;132339680589260000;2020-05-15;01:14:18.926;;;;;;;;131900_0034386494;;;;Camera06;06;EDI+EDI;;Accept;;131900;2470;;123;Departures;;;;;;;;;;;;
D01/00000D4923850008;132339681224276760;2020-05-15;01:15:22.428;application/x-bolt;30946;;132339680725500000;2020-05-15;01:14:32.550;FRU - TK344;FRU;2020-05-15;TK344;;40708;132339681132580000;2020-05-15;01:15:13.258;;0235975330;11282;314;;Full;11099;131900_0034386495;TK_0344_DFR1505;;;Camera05;03;OCR+EDI;;Accept;;131900;3072;;123;Departures;;;;;;;;;;;;
D01/00000D49237E0007;132339681025141245;2020-05-15;01:15:02.514;application/x-bolt;25027;0235975329;132339680753600000;2020-05-15;01:14:35.360;;;;;;18009;132339680933690000;2020-05-15;01:14:53.369;;;;;;;;131900_0034386496;;;;Camera06;06;EDI+EDI;;Accept;;131900;2494;;123;Departures;;;;;;;;;;;;
D01/00000D49238D0007;132339681856762460;2020-05-15;01:16:25.676;application/x-bolt;24471;0235975331;132339681585120000;2020-05-15;01:15:58.512;;;;;;18008;132339681765200000;2020-05-15;01:16:16.520;;;;;;;;131900_0034386499;;;;Camera05;03;EDI+EDI;;Accept;;131900;2486;;123;Departures;;;;;;;;;;;;
D01/00000D4923940007;132339682110563412;2020-05-15;01:16:51.056;application/x-bolt;25178;0235975333;132339681838880000;2020-05-15;01:16:23.888;;;;;;18008;132339682018960000;2020-05-15;01:16:41.896;;;;;;;;131900_0034386498;;;;Camera06;06;EDI+EDI;;Accept;;131900;3751;;123;Departures;;;;;;;;;;;;
D01/00000D49239B0006;132339682398082389;2020-05-15;01:17:19.808;application/x-bolt;23819;0235975335;132339682126530000;2020-05-15;01:16:52.653;;;;;;18008;132339682306610000;2020-05-15;01:17:10.661;;;;;;;;131900_0034386500;;;;Camera06;08;EDI+EDI;;Accept;;131900;2971;;123;Departures;;;;;;;;;;;;
D01/00000D4923A10006;132339682589831765;2020-05-15;01:17:38.983;application/x-bolt;22562;0235975334;132339682318240000;2020-05-15;01:17:11.824;;;;;;18008;132339682498320000;2020-05-15;01:17:29.832;;;;;;;;131900_0034386501;;;;;;EDI+EDI;;Accept;;131900;2515;;123;Departures;;;;;;;;;;;;
D01/00000D4923A70007;132339683212429249;2020-05-15;01:18:41.243;application/x-bolt;27791;0235975336 / 0235516218;132339682940700000;2020-05-15;01:18:14.070;;;;;;18008;132339683120780000;2020-05-15;01:18:32.078;;;;;;;;131900_0034386502;;;Multiple main barcodes detected;;;EDI+EDI;;Accept;;131900;2476;;123;Departures;;;;;;;;;;;;
D01/00000D4923AE0007;132339683267545062;2020-05-15;01:18:46.755;application/x-bolt;26032;0235975337;132339682995900000;2020-05-15;01:18:19.590;;;;;;18008;132339683175980000;2020-05-15;01:18:37.598;;;;;;;;131900_0034386503;;;;;;EDI+EDI;;Accept;;131900;2487;;123;Departures;;;;;;;;;;;;
D01/00000D4923B50007;132339683559437671;2020-05-15;01:19:15.944;application/x-bolt;25129;0235975339;132339683287770000;2020-05-15;01:18:48.777;;;;;;18008;132339683467850000;2020-05-15;01:19:06.785;;;;;;;;131900_0034386504;;;;Camera05;01;EDI+EDI;;Accept;;131900;2538;;123;Departures;;;;;;;;;;;;
D01/00000D4923BC0007;132339685541094762;2020-05-15;01:22:34.109;application/x-bolt;25838;0235975323;132339685269340000;2020-05-15;01:22:06.934;;;;;;18009;132339685449430000;2020-05-15;01:22:24.943;;;;;;;;131900_0034386505;;;;;;EDI+EDI;;Accept;;131900;2434;;123;Departures;;;;;;;;;;;;
D01/00000D4923C30006;132339689406907908;2020-05-15;01:29:00.691;application/x-bolt;23803;0235975341;132339689135250000;2020-05-15;01:28:33.525;;;;;;18007;132339689315320000;2020-05-15;01:28:51.532;;;;;;;;131900_0034386506;;;;Camera04;01;EDI+EDI;;Accept;;131900;2465;;123;Departures;;;;;;;;;;;;
D01/00000D4923C90008;132339689629372811;2020-05-15;01:29:22.937;application/x-bolt;28607;0235975343;132339689357570000;2020-05-15;01:28:55.757;;;;;;18007;132339689537640000;2020-05-15;01:29:13.764;;;;;;;;131900_0034386507;;;;;;EDI+EDI;;Accept;;131900;2424;;123;Departures;;;;;;;;;;;;
D01/00000D4923D10007;132339689719447679;2020-05-15;01:29:31.945;application/x-bolt;27595;0235975342;132339689447780000;2020-05-15;01:29:04.778;;;;;;18007;132339689627850000;2020-05-15;01:29:22.785;;;;;;;;131900_0034386508;;;;;;EDI+EDI;;Accept;;131900;2843;;123;Departures;;;;;;;;;;;;
D01/00000D4923D80007;132339690032818143;2020-05-15;01:30:03.282;application/x-bolt;25952;0235975344;132339689761140000;2020-05-15;01:29:36.114;;;;;;18008;132339689941220000;2020-05-15;01:29:54.122;;;;;;;;131900_0034386509;;;;;;EDI+EDI;;Accept;;131900;2432;;123;Departures;;;;;;;;;;;;
D01/00000D4923DF0007;132339694204399682;2020-05-15;01:37:00.440;application/x-bolt;26137;0235975346;132339693932690000;2020-05-15;01:36:33.269;;;;;;18008;132339694112770000;2020-05-15;01:36:51.277;;;;;;;;131900_0034386510;;;;;;EDI+EDI;;Accept;;131900;2400;;123;Departures;;;;;;;;;;;;
D01/00000D4923E60007;132339694314792892;2020-05-15;01:37:11.479;application/x-bolt;26377;0235975345;132339694042880000;2020-05-15;01:36:44.288;;;;;;18008;132339694222960000;2020-05-15;01:37:02.296;;;;;;;;131900_0034386511;;;;;;EDI+EDI;;Accept;;131900;3354;;123;Departures;;;;;;;;;;;;
D01/00000D4923ED0007;132339694598652570;2020-05-15;01:37:39.865;application/x-bolt;25264;0235975347;132339694326800000;2020-05-15;01:37:12.680;;;;;;18008;132339694506880000;2020-05-15;01:37:30.688;;;;;;;;131900_0034386512;;;;;;EDI+EDI;;Accept;;131900;3007;;123;Departures;;;;;;;;;;;;
D01/00000D4923F40006;132339695627421195;2020-05-15;01:39:22.742;application/x-bolt;24083;0235975350;132339695355750000;2020-05-15;01:38:55.575;;;;;;18008;132339695535830000;2020-05-15;01:39:13.583;;;;;;;;131900_0034386513;;;;Camera05;03;EDI+EDI;;Accept;;131900;2451;;123;Departures;;;;;;;;;;;;
D01/00000D4923FA0007;132339695937953388;2020-05-15;01:39:53.795;application/x-bolt;27314;0235975348;132339695665900000;2020-05-15;01:39:26.590;;;;;;18007;132339695845970000;2020-05-15;01:39:44.597;;;;;;;;131900_0034386514;;;;;;EDI+EDI;;Accept;;131900;2449;;123;Departures;;;;;;;;;;;;
D01/00000D4924010007;132339696024726655;2020-05-15;01:40:02.473;application/x-bolt;26509;0235975349;132339695752850000;2020-05-15;01:39:35.285;;;;;;18007;132339695932920000;2020-05-15;01:39:53.292;;;;;;;;131900_0034386515;;;;;;EDI+EDI;;Accept;;131900;2459;;123;Departures;;;;;;;;;;;;
D01/00000D4924080007;132339696381567951;2020-05-15;01:40:38.157;application/x-bolt;25717;0235975351;132339696109520000;2020-05-15;01:40:10.952;;;;;;18007;132339696289590000;2020-05-15;01:40:28.959;;;;;;;;131900_0034386516;;;;;;EDI+EDI;;Accept;;131900;2449;;123;Departures;;;;;;;;;;;;
D01/00000D49240F0007;132339697119459357;2020-05-15;01:41:51.946;application/x-bolt;27117;0235975354;132339696847330000;2020-05-15;01:41:24.733;;;;;;18008;132339697027410000;2020-05-15;01:41:42.741;;;;;;;;131900_0034386517;;;;;;EDI+EDI;;Accept;;131900;2930;;123;Departures;;;;;;;;;;;;
D01/00000D4924160007;132339697240150436;2020-05-15;01:42:04.015;application/x-bolt;26398;0235975352;132339696968210000;2020-05-15;01:41:36.821;;;;;;18008;132339697148290000;2020-05-15;01:41:54.829;;;;;;;;131900_0034386518;;;;;;EDI+EDI;;Accept;;131900;2489;;123;Departures;;;;;;;;;;;;
D01/00000D49241D0007;132339697269394932;2020-05-15;01:42:06.939;application/x-bolt;26939;0235975353;132339696997440000;2020-05-15;01:41:39.744;;;;;;18007;132339697177510000;2020-05-15;01:41:57.751;;;;;;;;131900_0034386519;;;;;;EDI+EDI;;Accept;;131900;2479;;123;Departures;;;;;;;;;;;;
D01/00000D4924240007;132339697753670516;2020-05-15;01:42:55.367;application/x-bolt;25876;0235975355;132339697481630000;2020-05-15;01:42:28.163;;;;;;18007;132339697661700000;2020-05-15;01:42:46.170;;;;;;;;131900_0034386520;;;;;;EDI+EDI;;Accept;;131900;2487;;123;Departures;;;;;;;;;;;;
D01/00000D49242B0007;132339698035676698;2020-05-15;01:43:23.568;application/x-bolt;26640;0235975356;132339697763670000;2020-05-15;01:42:56.367;;;;;;18007;132339697943740000;2020-05-15;01:43:14.374;;;;;;;;131900_0034386521;;;;;;EDI+EDI;;Accept;;131900;2505;;123;Departures;;;;;;;;;;;;
D01/00000D4924320007;132339698409970174;2020-05-15;01:44:00.997;application/x-bolt;25497;0235975357;132339698137860000;2020-05-15;01:43:33.786;;;;;;18008;132339698317940000;2020-05-15;01:43:51.794;;;;;;;;131900_0034386522;;;;Camera04;08;EDI+EDI;;Accept;;131900;2496;;123;Departures;;;;;;;;;;;;
D01/00000D4924390007;132339700296267336;2020-05-15;01:47:09.627;application/x-bolt;25292;0235975358;132339700024220000;2020-05-15;01:46:42.422;;;;;;18007;132339700204290000;2020-05-15;01:47:00.429;;;;;;;;131900_0034386523;;;;;;EDI+EDI;;Accept;;131900;5220;;123;Departures;;;;;;;;;;;;
D01/00000D4924400007;132339700584066544;2020-05-15;01:47:38.407;application/x-bolt;25027;0235975359;132339700311980000;2020-05-15;01:47:11.198;;;;;;18008;132339700492060000;2020-05-15;01:47:29.206;;;;;;;;131900_0034386524;;;;;;EDI+EDI;;Accept;;131900;2468;;123;Departures;;;;;;;;;;;;
D01/00000D4924470007;132339700871245239;2020-05-15;01:48:07.125;application/x-bolt;26972;0235975360;132339700599150000;2020-05-15;01:47:39.915;;;;;;18007;132339700779220000;2020-05-15;01:47:57.922;;;;;;;;131900_0034386525;;;;;;EDI+EDI;;Accept;;131900;2446;;123;Departures;;;;;;;;;;;;
D01/00000D49244E0007;132339705975277549;2020-05-15;01:56:37.528;application/x-bolt;27852;0235975361;132339705703160000;2020-05-15;01:56:10.316;;;;;;18008;132339705883240000;2020-05-15;01:56:28.324;;;;;;;;131900_0034386526;;;;;;EDI+EDI;;Accept;;131900;2394;;123;Departures;;;;;;;;;;;;
D01/00000D4924550007;132339706456727720;2020-05-15;01:57:25.673;application/x-bolt;24190;0235975362 / 0624594084;132339706184490000;2020-05-15;01:56:58.449;;;;;;18013;132339706364620000;2020-05-15;01:57:16.462;;;;;;;;131900_0034386527;;;Multiple main barcodes detected;Camera03;08;EDI+EDI;;Accept;;131900;2444;;123;Departures;;;;;;;;;;;;
D01/00000D49245C0007;132339707113413538;2020-05-15;01:58:31.341;application/x-bolt;24427;0235975363;132339706841280000;2020-05-15;01:58:04.128;;;;;;18008;132339707021360000;2020-05-15;01:58:22.136;;;;;;;;131900_0034386528;;;;Camera01;05;EDI+EDI;;Accept;;131900;3509;;123;Departures;;;;;;;;;;;;
D01/00000D4924630007;132339708381167252;2020-05-15;02:00:38.117;application/x-bolt;26476;0235975364;132339708108960000;2020-05-15;02:00:10.896;;;;;;18007;132339708289030000;2020-05-15;02:00:28.903;;;;;;;;131900_0034386529;;;;;;EDI+EDI;;Accept;;131900;2465;;123;Departures;;;;;;;;;;;;
D01/00000D49246A0007;132339709233825953;2020-05-15;02:02:03.383;application/x-bolt;24955;0235975365;132339708961610000;2020-05-15;02:01:36.161;;;;;;18008;132339709141690000;2020-05-15;02:01:54.169;;;;;;;;131900_0034386530;;;;Camera06;06;EDI+EDI;;Accept;;131900;2469;;123;Departures;;;;;;;;;;;;
D01/00000D4924710007;132339717183493467;2020-05-15;02:15:18.349;application/x-bolt;24664;6628251326;132339716940276000;2020-05-15;02:14:54.028;;;;;;18007;132339717120346000;2020-05-15;02:15:12.035;;;;;;;;132000_0034386532;;;;;;EDI+EDI;;Accept;;132000;5385;;123;Departures;;;;;;;;;;;;
D01/00000D4924780007;132339717266432404;2020-05-15;02:15:26.643;application/x-bolt;24296;6628251325;132339717023346000;2020-05-15;02:15:02.335;;;;;;18007;132339717203416000;2020-05-15;02:15:20.342;;;;;;;;132000_0034386533;;;;Camera01;08;EDI+EDI;;Accept;;132000;2247;;123;Departures;;;;;;;;;;;;
D01/00000D49247F0006;132339717349241236;2020-05-15;02:15:34.924;application/x-bolt;21048;3628382659;132339717106096000;2020-05-15;02:15:10.610;;;;;;18007;132339717286166000;2020-05-15;02:15:28.617;;;;;;;;132000_0034386531;;;;;;EDI+EDI;;Accept;;132000;2228;;123;Departures;;;;;;;;;;;;
D01/00000D4924850007;132339718104749191;2020-05-15;02:16:50.475;application/x-bolt;25566;3628382660;132339717861536000;2020-05-15;02:16:26.154;;;;;;18007;132339718041606000;2020-05-15;02:16:44.161;;;;;;;;132000_0034386534;;;;;;EDI+EDI;;Accept;;132000;2233;;123;Departures;;;;;;;;;;;;
D01/00000D49248C0006;132339718311511043;2020-05-15;02:17:11.151;application/x-bolt;23494;6628251327 / 6318251327;132339718068586000;2020-05-15;02:16:46.859;;;;;;18006;132339718248646000;2020-05-15;02:17:04.865;;;;;;;;132000_0034386535;;;Multiple main barcodes detected;;;EDI+EDI;;Accept;;132000;2275;;123;Departures;;;;;;;;;;;;
D01/00000D4924920006;132339719160106371;2020-05-15;02:18:36.011;application/x-bolt;21150;4628387308;132339718916946000;2020-05-15;02:18:11.695;;;;;;18007;132339719097016000;2020-05-15;02:18:29.702;;;;;;;;132000_0034386536;;;;;;EDI+EDI;;Accept;;132000;2279;;123;Departures;;;;;;;;;;;;
D01/00000D4924980007;132339719357620534;2020-05-15;02:18:55.762;application/x-bolt;25447;6628251328;132339719114276000;2020-05-15;02:18:31.428;;;;;;18015;132339719294426000;2020-05-15;02:18:49.443;;;;;;;;132000_0034386537;;;;;;EDI+EDI;;Accept;;132000;2295;;123;Departures;;;;;;;;;;;;
D01/00000D49249F0007;132339720770134573;2020-05-15;02:21:17.013;application/x-bolt;26292;3628382661;132339720526776000;2020-05-15;02:20:52.678;;;;;;18007;132339720706846000;2020-05-15;02:21:10.685;;;;;;;;132000_0034386538;;;;;;EDI+EDI;;Accept;;132000;2255;;123;Departures;;;;;;;;;;;;
D01/00000D4924A60007;132339722081734737;2020-05-15;02:23:28.173;application/x-bolt;24957;3628382662;132339721838546000;2020-05-15;02:23:03.855;;;;;;18007;132339722018616000;2020-05-15;02:23:21.862;;;;;;;;132000_0034386539;;;;;;EDI+EDI;;Accept;;132000;3559;;123;Departures;;;;;;;;;;;;
D01/00000D4924AD0007;132339722977008858;2020-05-15;02:24:57.701;application/x-bolt;25250;6628251329;132339722733696000;2020-05-15;02:24:33.370;;;;;;18007;132339722913766000;2020-05-15;02:24:51.377;;;;;;;;132000_0034386540;;;;;;EDI+EDI;;Accept;;132000;2219;;123;Departures;;;;;;;;;;;;
D01/00000D4924B40007;132339723355273262;2020-05-15;02:25:35.527;application/x-bolt;26327;5628607995;132339723111926000;2020-05-15;02:25:11.193;;;;;;18008;132339723292006000;2020-05-15;02:25:29.201;;;;;;;;132000_0034386541;;;;;;EDI+EDI;;Accept;;132000;2238;;123;Departures;;;;;;;;;;;;
D01/00000D4924BB0007;132339723887115311;2020-05-15;02:26:28.712;application/x-bolt;24962;3628382663;132339723643876000;2020-05-15;02:26:04.388;;;;;;18007;132339723823946000;2020-05-15;02:26:22.395;;;;;;;;132000_0034386542;;;;;;EDI+EDI;;Accept;;132000;3016;;123;Departures;;;;;;;;;;;;
D01/00000D4924C20007;132339724628521545;2020-05-15;02:27:42.852;application/x-bolt;24669;3628382664;132339724385206000;2020-05-15;02:27:18.521;;;;;;18007;132339724565276000;2020-05-15;02:27:36.528;;;;;;;;132000_0034386543;;;;Camera04;01;EDI+EDI;;Accept;;132000;2259;;123;Departures;;;;;;;;;;;;
D01/00000D4924C90007;132339725287329129;2020-05-15;02:28:48.733;application/x-bolt;26305;6628251330;132339725043616000;2020-05-15;02:28:24.362;;;;;;18046;132339725224076000;2020-05-15;02:28:42.408;;;;;;;;132000_0034386545;;;;;;EDI+EDI;;Accept;;132000;3059;;123;Departures;;;;;;;;;;;;
D01/00000D4924D00007;132339725398091189;2020-05-15;02:28:59.809;application/x-bolt;26210;3628382665;132339725155126000;2020-05-15;02:28:35.513;;;;;;18006;132339725335186000;2020-05-15;02:28:53.519;;;;;;;;132000_0034386544;;;;;;EDI+EDI;;Accept;;132000;3906;;123;Departures;;;;;;;;;;;;
D01/00000D4924D70006;132339726052114791;2020-05-15;02:30:05.211;application/x-bolt;24105;6628251331;132339725808926000;2020-05-15;02:29:40.893;;;;;;18008;132339725989006000;2020-05-15;02:29:58.901;;;;;;;;132000_0034386546;;;;;;EDI+EDI;;Accept;;132000;2277;;123;Departures;;;;;;;;;;;;
D01/00000D4924DD0007;132339726748793847;2020-05-15;02:31:14.879;application/x-bolt;25766;6628251332;132339726505516000;2020-05-15;02:30:50.552;;;;;;18007;132339726685586000;2020-05-15;02:31:08.559;;;;;;;;132000_0034386547;;;;;;EDI+EDI;;Accept;;132000;2290;;123;Departures;;;;;;;;;;;;
D01/00000D4924E40007;132339727211158151;2020-05-15;02:32:01.116;application/x-bolt;24415;3628382666;132339726967906000;2020-05-15;02:31:36.791;;;;;;18007;132339727147976000;2020-05-15;02:31:54.798;;;;;;;;132000_0034386548;;;;;;EDI+EDI;;Accept;;132000;2621;;123;Departures;;;;;;;;;;;;
D01/00000D4924EB0006;132339727697172115;2020-05-15;02:32:49.717;application/x-bolt;23322;3628382667;132339727453816000;2020-05-15;02:32:25.382;;;;;;18007;132339727633886000;2020-05-15;02:32:43.389;;;;;;;;132000_0034386549;;;;;;EDI+EDI;;Accept;;132000;2290;;123;Departures;;;;;;;;;;;;
D01/00000D4924F10006;132339728854223815;2020-05-15;02:34:45.422;application/x-bolt;21051;6628251333;132339728610966000;2020-05-15;02:34:21.097;;;;;;18007;132339728791036000;2020-05-15;02:34:39.104;;;;;;;;132000_0034386550;;;;;;EDI+EDI;;Accept;;132000;2281;;123;Departures;;;;;;;;;;;;
D01/00000D4924F70007;132339729260251292;2020-05-15;02:35:26.025;application/x-bolt;24475;6628251334;132339729016946000;2020-05-15;02:35:01.695;;;;;;18007;132339729197016000;2020-05-15;02:35:19.702;;;;;;;;132000_0034386551;;;;;;EDI+EDI;;Accept;;132000;2280;;123;Departures;;;;;;;;;;;;
D01/00000D4924FE0006;132339729642539039;2020-05-15;02:36:04.254;application/x-bolt;24048;6628251335;132339729399166000;2020-05-15;02:35:39.917;;;;;;18007;132339729579236000;2020-05-15;02:35:57.924;;;;;;;;132000_0034386552;;;;Camera01;09;EDI+EDI;;Accept;;132000;2263;;123;Departures;;;;;;;;;;;;
D01/00000D4925040007;132339730013750161;2020-05-15;02:36:41.375;application/x-bolt;24755;0628051749;132339729770386000;2020-05-15;02:36:17.039;;;;;;18006;132339729950446000;2020-05-15;02:36:35.045;;;;;;;;132000_0034386553;;;;;;EDI+EDI;;Accept;;132000;2378;;123;Departures;;;;;;;;;;;;
D01/00000D49250B0007;132339730259559276;2020-05-15;02:37:05.956;application/x-bolt;24340;3628382668;132339730016096000;2020-05-15;02:36:41.610;;;;;;18008;132339730196176000;2020-05-15;02:36:59.618;;;;;;;;132000_0034386554;;;;;;EDI+EDI;;Accept;;132000;2271;;123;Departures;;;;;;;;;;;;
D01/00000D4925120007;132339730542760175;2020-05-15;02:37:34.276;application/x-bolt;24878;0628051750 / 6618051750;132339730299356000;2020-05-15;02:37:09.936;;;;;;18010;132339730479456000;2020-05-15;02:37:27.946;;;;;;;;132000_0034386555;;;Multiple main barcodes detected;;;EDI+EDI;;Accept;;132000;2285;;123;Departures;;;;;;;;;;;;
D01/00000D4925190007;132339730719690687;2020-05-15;02:37:51.969;application/x-bolt;24711;3628382669;132339730476546000;2020-05-15;02:37:27.655;;;;;;18006;132339730656606000;2020-05-15;02:37:45.661;;;;;;;;132000_0034386556;;;;;;EDI+EDI;;Accept;;132000;2275;;123;Departures;;;;;;;;;;;;
D01/00000D4925200006;132339731138677111;2020-05-15;02:38:33.868;application/x-bolt;23881;6628251336;132339730895256000;2020-05-15;02:38:09.526;;;;;;18008;132339731075336000;2020-05-15;02:38:27.534;;;;;;;;132000_0034386557;;;;Camera01;08;EDI+EDI;;Accept;;132000;2300;;123;Departures;;;;;;;;;;;;
D01/00000D4925260007;132339731738167084;2020-05-15;02:39:33.817;application/x-bolt;26069;6628251338;132339731494686000;2020-05-15;02:39:09.469;;;;;;18007;132339731674756000;2020-05-15;02:39:27.476;;;;;;;;132000_0034386558;;;;;;EDI+EDI;;Accept;;132000;2322;;123;Departures;;;;;;;;;;;;
D01/00000D49252D0007;132339732422849533;2020-05-15;02:40:42.285;application/x-bolt;24947;6628251339;132339732179476000;2020-05-15;02:40:17.948;;;;;;18007;132339732359546000;2020-05-15;02:40:35.955;;;;;;;;132000_0034386559;;;;;;EDI+EDI;;Accept;;132000;2296;;123;Departures;;;;;;;;;;;;
D01/00000D4925340007;132339732624481056;2020-05-15;02:41:02.448;application/x-bolt;25538;3628382670;132339732381046000;2020-05-15;02:40:38.105;;;;;;18006;132339732561106000;2020-05-15;02:40:56.111;;;;;;;;132000_0034386560;;;;;;EDI+EDI;;Accept;;132000;2287;;123;Departures;;;;;;;;;;;;
D01/00000D49253B0007;132339733421812213;2020-05-15;02:42:22.181;application/x-bolt;24747;5628607996;132339733178376000;2020-05-15;02:41:57.838;;;;;;18006;132339733358436000;2020-05-15;02:42:15.844;;;;;;;;132000_0034386561;;;;;;EDI+EDI;;Accept;;132000;2298;;123;Departures;;;;;;;;;;;;
D01/00000D4925420007;132339734775746146;2020-05-15;02:44:37.575;application/x-bolt;25629;3628382671;132339734532236000;2020-05-15;02:44:13.224;;;;;;18007;132339734712306000;2020-05-15;02:44:31.231;;;;;;;;132000_0034386562;;;;;;EDI+EDI;;Accept;;132000;2253;;123;Departures;;;;;;;;;;;;
D01/00000D4925490007;132339735313766746;2020-05-15;02:45:31.377;application/x-bolt;27820;3628382672;132339735070216000;2020-05-15;02:45:07.022;;;;;;18007;132339735250286000;2020-05-15;02:45:25.029;;;;;;;;132000_0034386563;;;;;;EDI+EDI;;Accept;;132000;2262;;123;Departures;;;;;;;;;;;;
D01/00000D4925500006;132339735656453749;2020-05-15;02:46:05.645;application/x-bolt;23897;3628382673;132339735413126000;2020-05-15;02:45:41.313;;;;;;18006;132339735593186000;2020-05-15;02:45:59.319;;;;;;;;132000_0034386564;;;;;;EDI+EDI;;Accept;;132000;2279;;123;Departures;;;;;;;;;;;;
D01/00000D4925560007;132339735996878123;2020-05-15;02:46:39.688;application/x-bolt;24750;6628251341;132339735753406000;2020-05-15;02:46:15.341;;;;;;18008;132339735933486000;2020-05-15;02:46:33.349;;;;;;;;132000_0034386565;;;;;;EDI+EDI;;Accept;;132000;4070;;123;Departures;;;;;;;;;;;;
D01/00000D49255D0007;132339736202018634;2020-05-15;02:47:00.202;application/x-bolt;26061;3628382674;132339735958546000;2020-05-15;02:46:35.855;;;;;;18007;132339736138616000;2020-05-15;02:46:53.862;;;;;;;;132000_0034386567;;;;;;EDI+EDI;;Accept;;132000;3553;;123;Departures;;;;;;;;;;;;
D01/00000D4925640006;132339736287079332;2020-05-15;02:47:08.708;application/x-bolt;23424;6628251342;132339736043556000;2020-05-15;02:46:44.356;;;;;;18007;132339736223626000;2020-05-15;02:47:02.363;;;;;;;;132000_0034386566;;;;Camera01;11;EDI+EDI;;Accept;;132000;3056;;123;Departures;;;;;;;;;;;;
D01/00000D49256A0007;132339736441627791;2020-05-15;02:47:24.163;application/x-bolt;24179;3628382675;132339736198126000;2020-05-15;02:46:59.813;;;;;;18007;132339736378196000;2020-05-15;02:47:17.820;;;;;;;;132000_0034386568;;;;Camera02;09;EDI+EDI;;Accept;;132000;2275;;123;Departures;;;;;;;;;;;;
D01/00000D4925710007;132339736832752878;2020-05-15;02:48:03.275;application/x-bolt;25208;6628251343;132339736589246000;2020-05-15;02:47:38.925;;;;;;18007;132339736769316000;2020-05-15;02:47:56.932;;;;;;;;132000_0034386569;;;;;;EDI+EDI;;Accept;;132000;2298;;123;Departures;;;;;;;;;;;;
D01/00000D4925780006;132339737496074211;2020-05-15;02:49:09.607;application/x-bolt;22897;6628251344 / 6318251344;132339737252546000;2020-05-15;02:48:45.255;;;;;;18007;132339737432616000;2020-05-15;02:49:03.262;;;;;;;;132000_0034386570;;;Multiple main barcodes detected;Camera02;11;EDI+EDI;;Accept;;132000;2289;;123;Departures;;;;;;;;;;;;
D01/00000D49257E0007;132339739487239206;2020-05-15;02:52:28.724;application/x-bolt;24403;3628382677;132339739243616000;2020-05-15;02:52:04.362;;;;;;18009;132339739423706000;2020-05-15;02:52:22.371;;;;;;;;132000_0034386571;;;;;;EDI+EDI;;Accept;;132000;3052;;123;Departures;;;;;;;;;;;;
D01/00000D4925850007;132339739514832137;2020-05-15;02:52:31.483;application/x-bolt;25290;6628251345;132339739271286000;2020-05-15;02:52:07.129;;;;;;18007;132339739451356000;2020-05-15;02:52:25.136;;;;;;;;132000_0034386572;;;;;;EDI+EDI;;Accept;;132000;2306;;123;Departures;;;;;;;;;;;;
D01/00000D49258C0007;132339740304398403;2020-05-15;02:53:50.440;application/x-bolt;24790;3628382676;132339740061006000;2020-05-15;02:53:26.101;;;;;;18007;132339740241076000;2020-05-15;02:53:44.108;;;;;;;;132000_0034386573;;;;;;EDI+EDI;;Accept;;132000;2233;;123;Departures;;;;;;;;;;;;
D01/00000D4925930007;132339740733384964;2020-05-15;02:54:33.338;application/x-bolt;25049;3628382678;132339740490056000;2020-05-15;02:54:09.006;;;;;;18006;132339740670116000;2020-05-15;02:54:27.012;;;;;;;;132000_0034386575;;;;;;EDI+EDI;;Accept;;132000;2230;;123;Departures;;;;;;;;;;;;
D01/00000D49259A0006;132339740814992793;2020-05-15;02:54:41.499;application/x-bolt;23610;5628607997;132339740571496000;2020-05-15;02:54:17.150;;;;;;18006;132339740751556000;2020-05-15;02:54:35.156;;;;;;;;132000_0034386574;;;;Camera04;09;EDI+EDI;;Accept;;132000;2275;;123;Departures;;;;;;;;;;;;
D01/00000D4925A00006;132339741068083154;2020-05-15;02:55:06.808;application/x-bolt;23696;3628382679 / 0512668905;132339740824436000;2020-05-15;02:54:42.444;;;;;;18007;132339741004506000;2020-05-15;02:55:00.451;;;;;;;;132000_0034386576;;;Multiple main barcodes detected;Camera03;05;EDI+EDI;;Accept;;132000;2281;;123;Departures;;;;;;;;;;;;
D01/00000D4925A60006;132339741120907061;2020-05-15;02:55:12.091;application/x-bolt;23615;6628251340;132339740877316000;2020-05-15;02:54:47.732;;;;;;18009;132339741057406000;2020-05-15;02:55:05.741;;;;;;;;132000_0034386577;;;;Camera03;06;EDI+EDI;;Accept;;132000;2254;;123;Departures;;;;;;;;;;;;
D01/00000D4925AC0007;132339741945132129;2020-05-15;02:56:34.513;application/x-bolt;24783;5628607998;132339741701546000;2020-05-15;02:56:10.155;;;;;;18007;132339741881616000;2020-05-15;02:56:28.162;;;;;;;;132000_0034386578;;;;;;EDI+EDI;;Accept;;132000;2282;;123;Departures;;;;;;;;;;;;
D01/00000D4925B30007;132339742822441320;2020-05-15;02:58:02.244;application/x-bolt;26439;3628382681;132339742579036000;2020-05-15;02:57:37.904;;;;;;18007;132339742759106000;2020-05-15;02:57:55.911;;;;;;;;132000_0034386579;;;;;;EDI+EDI;;Accept;;132000;2280;;123;Departures;;;;;;;;;;;;
D01/00000D4925BA0007;132339743433919561;2020-05-15;02:59:03.392;application/x-bolt;25300;6628251347;132339743190356000;2020-05-15;02:58:39.036;;;;;;18007;132339743370426000;2020-05-15;02:58:57.043;;;;;;;;132000_0034386580;;;;;;EDI+EDI;;Accept;;132000;2291;;123;Departures;;;;;;;;;;;;
D01/00000D4925C10006;132339743915589911;2020-05-15;02:59:51.559;application/x-bolt;23727;3628382682 / 3228382682;132339743672006000;2020-05-15;02:59:27.201;;;;;;18006;132339743852066000;2020-05-15;02:59:45.207;;;;;;;;132000_0034386581;;;Multiple main barcodes detected;;;EDI+EDI;;Accept;;132000;2286;;123;Departures;;;;;;;;;;;;
D01/00000D4925C70006;132339747832385433;2020-05-15;03:06:23.239;application/x-bolt;22930;3628382683;132339747588896000;2020-05-15;03:05:58.890;;;;;;18020;132339747769096000;2020-05-15;03:06:16.910;;;;;;;;132000_0034386583;;;;Camera01;09;EDI+EDI;;Accept;;132000;2233;;123;Departures;;;;;;;;;;;;
D01/00000D4925CD0006;132339747942436902;2020-05-15;03:06:34.244;application/x-bolt;23791;4628387309;132339747698796000;2020-05-15;03:06:09.880;;;;;;18007;132339747878866000;2020-05-15;03:06:27.887;;;;;;;;132000_0034386582;;;;Camera03;05;EDI+EDI;;Accept;;132000;2242;;123;Departures;;;;;;;;;;;;
D01/00000D4925D30007;132339748057832814;2020-05-15;03:06:45.783;application/x-bolt;25446;6628251346;132339747814196000;2020-05-15;03:06:21.420;;;;;;18006;132339747994256000;2020-05-15;03:06:39.426;;;;;;;;132000_0034386585;;;;;;EDI+EDI;;Accept;;132000;2214;;123;Departures;;;;;;;;;;;;
D01/00000D4925DA0007;132339748121735928;2020-05-15;03:06:52.174;application/x-bolt;24393;3628382684;132339747878146000;2020-05-15;03:06:27.815;;;;;;18007;132339748058216000;2020-05-15;03:06:45.822;;;;;;;;132000_0034386587;;;;;;EDI+EDI;;Accept;;132000;2259;;123;Departures;;;;;;;;;;;;
D01/00000D4925E10006;132339748150399752;2020-05-15;03:06:55.040;application/x-bolt;23577;4628387310;132339747906816000;2020-05-15;03:06:30.682;;;;;;18007;132339748086886000;2020-05-15;03:06:48.689;;;;;;;;132000_0034386584;;;;Camera01;09;EDI+EDI;;Accept;;132000;2252;;123;Departures;;;;;;;;;;;;
D01/00000D4925E70006;132339748178463080;2020-05-15;03:06:57.846;application/x-bolt;23741;6628251348;132339747934916000;2020-05-15;03:06:33.492;;;;;;18006;132339748114976000;2020-05-15;03:06:51.498;;;;;;;;132000_0034386586;;;;Camera02;10;EDI+EDI;;Accept;;132000;2281;;123;Departures;;;;;;;;;;;;
D01/00000D4925ED0006;132339748231377056;2020-05-15;03:07:03.138;application/x-bolt;23442;4628387311;132339747987796000;2020-05-15;03:06:38.780;;;;;;18007;132339748167866000;2020-05-15;03:06:56.787;;;;;;;;132000_0034386588;;;;Camera01;09;EDI+EDI;;Accept;;132000;2299;;123;Departures;;;;;;;;;;;;
D01/00000D4925F30007;132339748490962820;2020-05-15;03:07:29.096;application/x-bolt;24927;4628387312;132339748247396000;2020-05-15;03:07:04.740;;;;;;18007;132339748427466000;2020-05-15;03:07:22.747;;;;;;;;132000_0034386589;;;;;;EDI+EDI;;Accept;;132000;2677;;123;Departures;;;;;;;;;;;;
D01/00000D4925FA0007;132339748581438020;2020-05-15;03:07:38.144;application/x-bolt;24323;4628387313;132339748337866000;2020-05-15;03:07:13.787;;;;;;18006;132339748517926000;2020-05-15;03:07:31.793;;;;;;;;132000_0034386590;;;;;;EDI+EDI;;Accept;;132000;5630;;123;Departures;;;;;;;;;;;;
D01/00000D4926010007;132339748764620276;2020-05-15;03:07:56.462;application/x-bolt;25543;6628251349;132339748520846000;2020-05-15;03:07:32.085;;;;;;18007;132339748700916000;2020-05-15;03:07:50.092;;;;;;;;132000_0034386591;;;;;;EDI+EDI;;Accept;;132000;2339;;123;Departures;;;;;;;;;;;;
D01/00000D4926080007;132339748912303023;2020-05-15;03:08:11.230;application/x-bolt;24624;4628387314;132339748668626000;2020-05-15;03:07:46.863;;;;;;18008;132339748848706000;2020-05-15;03:08:04.871;;;;;;;;132000_0034386592;;;;Camera03;03;EDI+EDI;;Accept;;132000;2323;;123;Departures;;;;;;;;;;;;
D01/00000D49260F0007;132339749021023389;2020-05-15;03:08:22.102;application/x-bolt;25694;3628382686;132339748777346000;2020-05-15;03:07:57.735;;;;;;18007;132339748957416000;2020-05-15;03:08:15.742;;;;;;;;132000_0034386593;;;;;;EDI+EDI;;Accept;;132000;2342;;123;Departures;;;;;;;;;;;;
D01/00000D4926160007;132339749365419638;2020-05-15;03:08:56.542;application/x-bolt;25469;4628387315;132339749121696000;2020-05-15;03:08:32.170;;;;;;18006;132339749301756000;2020-05-15;03:08:50.176;;;;;;;;132000_0034386594;;;;;;EDI+EDI;;Accept;;132000;2360;;123;Departures;;;;;;;;;;;;
D01/00000D49261D0007;132339750219289351;2020-05-15;03:10:21.929;application/x-bolt;25984;6628251350;132339749975666000;2020-05-15;03:09:57.567;;;;;;18006;132339750155726000;2020-05-15;03:10:15.573;;;;;;;;132000_0034386595;;;;;;EDI+EDI;;Accept;;132000;2368;;123;Departures;;;;;;;;;;;;
D01/00000D4926240006;132339750583061705;2020-05-15;03:10:58.306;application/x-bolt;24012;0628051751;132339750339376000;2020-05-15;03:10:33.938;;;;;;18008;132339750519456000;2020-05-15;03:10:51.946;;;;;;;;132000_0034386596;;;;;;EDI+EDI;;Accept;;132000;5469;;123;Departures;;;;;;;;;;;;
D01/00000D49262A0006;132339751032315111;2020-05-15;03:11:43.232;application/x-bolt;23396;3628382685;132339750788636000;2020-05-15;03:11:18.864;;;;;;18008;132339750968716000;2020-05-15;03:11:36.872;;;;;;;;132000_0034386597;;;;Camera03;13;EDI+EDI;;Accept;;132000;2363;;123;Departures;;;;;;;;;;;;
D01/00000D4926300007;132339751799072418;2020-05-15;03:12:59.907;application/x-bolt;24421;6628251351;132339751555306000;2020-05-15;03:12:35.531;;;;;;18007;132339751735376000;2020-05-15;03:12:53.538;;;;;;;;132000_0034386598;;;;Camera05;04;EDI+EDI;;Accept;;132000;3895;;123;Departures;;;;;;;;;;;;
D01/00000D4926370006;132339752670977114;2020-05-15;03:14:27.098;application/x-bolt;23358;6628251352;132339752427376000;2020-05-15;03:14:02.738;;;;;;18007;132339752607446000;2020-05-15;03:14:20.745;;;;;;;;132000_0034386599;;;;Camera05;03;EDI+EDI;;Accept;;132000;2248;;123;Departures;;;;;;;;;;;;
D01/00000D49263D0007;132339753264070077;2020-05-15;03:15:26.407;application/x-bolt;24318;6628251353;132339753020436000;2020-05-15;03:15:02.044;;;;;;18006;132339753200496000;2020-05-15;03:15:20.050;;;;;;;;132000_0034386600;;;;Camera05;03;EDI+EDI;;Accept;;132000;2279;;123;Departures;;;;;;;;;;;;
D01/00000D4926440006;132339753550328004;2020-05-15;03:15:55.033;application/x-bolt;23915;5628607999;132339753306596000;2020-05-15;03:15:30.660;;;;;;18007;132339753486666000;2020-05-15;03:15:48.667;;;;;;;;132000_0034386601;;;;Camera03;12;EDI+EDI;;Accept;;132000;2270;;123;Departures;;;;;;;;;;;;
D01/00000D49264A0006;132339753809243208;2020-05-15;03:16:20.924;application/x-bolt;24011;3628382687;132339753565336000;2020-05-15;03:15:56.534;;;;;;18006;132339753745396000;2020-05-15;03:16:14.540;;;;;;;;132000_0034386602;;;;;;EDI+EDI;;Accept;;132000;2879;;123;Departures;;;;;;;;;;;;
D01/00000D4926500007;132339755057710896;2020-05-15;03:18:25.771;application/x-bolt;25013;5628608000;132339754814046000;2020-05-15;03:18:01.405;;;;;;18006;132339754994106000;2020-05-15;03:18:19.411;;;;;;;;132000_0034386603;;;;;;EDI+EDI;;Accept;;132000;2273;;123;Departures;;;;;;;;;;;;
D01/00000D4926570007;132339755082801749;2020-05-15;03:18:28.280;application/x-bolt;26195;3628382689;132339754838856000;2020-05-15;03:18:03.886;;;;;;18006;132339755018916000;2020-05-15;03:18:21.892;;;;;;;;132000_0034386604;;;;;;EDI+EDI;;Accept;;132000;2296;;123;Departures;;;;;;;;;;;;
D01/00000D49265E0007;132339755228092512;2020-05-15;03:18:42.809;application/x-bolt;25349;3628382688;132339754984346000;2020-05-15;03:18:18.435;;;;;;18007;132339755164416000;2020-05-15;03:18:36.442;;;;;;;;132000_0034386605;;;;;;EDI+EDI;;Accept;;132000;2294;;123;Departures;;;;;;;;;;;;
D01/00000D4926650007;132339756387346044;2020-05-15;03:20:38.735;application/x-bolt;24617;0628051752;132339756143616000;2020-05-15;03:20:14.362;;;;;;18006;132339756323676000;2020-05-15;03:20:32.368;;;;;;;;132000_0034386606;;;;;;EDI+EDI;;Accept;;132000;5054;;123;Departures;;;;;;;;;;;;
D01/00000D49266C0007;132339757299153914;2020-05-15;03:22:09.915;application/x-bolt;25014;3628382690;132339757055476000;2020-05-15;03:21:45.548;;;;;;18007;132339757235546000;2020-05-15;03:22:03.555;;;;;;;;132000_0034386607;;;;;;EDI+EDI;;Accept;;132000;2293;;123;Departures;;;;;;;;;;;;
D01/00000D4926730006;132339758205106914;2020-05-15;03:23:40.511;application/x-bolt;24081;6628251354 / 0235280483;132339757961366000;2020-05-15;03:23:16.137;;;;;;18007;132339758141436000;2020-05-15;03:23:34.144;;;;;;;;132000_0034386608;;;Multiple main barcodes detected;;;EDI+EDI;;Accept;;132000;3274;;123;Departures;;;;;;;;;;;;
D01/00000D4926790006;132339759289157942;2020-05-15;03:25:28.916;application/x-bolt;24071;5628608001;132339759045446000;2020-05-15;03:25:04.545;;;;;;18007;132339759225516000;2020-05-15;03:25:22.552;;;;;;;;132000_0034386609;;;;Camera02;09;EDI+EDI;;Accept;;132000;2872;;123;Departures;;;;;;;;;;;;
D01/00000D49267F0007;132339759342692435;2020-05-15;03:25:34.269;application/x-bolt;25067;4628387318;132339759099016000;2020-05-15;03:25:09.902;;;;;;18007;132339759279086000;2020-05-15;03:25:27.909;;;;;;;;132000_0034386610;;;;;;EDI+EDI;;Accept;;132000;2267;;123;Departures;;;;;;;;;;;;
D01/00000D4926860007;132339760219200970;2020-05-15;03:27:01.920;application/x-bolt;26460;5628608002;132339759975366000;2020-05-15;03:26:37.537;;;;;;18017;132339760155536000;2020-05-15;03:26:55.554;;;;;;;;132000_0034386611;;;;;;EDI+EDI;;Accept;;132000;2249;;123;Departures;;;;;;;;;;;;
D01/00000D49268D0007;132339760332625242;2020-05-15;03:27:13.263;application/x-bolt;27859;6628251355;132339760088806000;2020-05-15;03:26:48.881;;;;;;18007;132339760268876000;2020-05-15;03:27:06.888;;;;;;;;132000_0034386612;;;;;;EDI+EDI;;Accept;;132000;2256;;123;Departures;;;;;;;;;;;;
D01/00000D4926940006;132339761666774140;2020-05-15;03:29:26.677;application/x-bolt;23529;5628608003;132339761423066000;2020-05-15;03:29:02.307;;;;;;18007;132339761603136000;2020-05-15;03:29:20.314;;;;;;;;132000_0034386613;;;;;;EDI+EDI;;Accept;;132000;2271;;123;Departures;;;;;;;;;;;;
D01/00000D49269A0007;132339762143160098;2020-05-15;03:30:14.316;application/x-bolt;25435;5628608004;132339761899416000;2020-05-15;03:29:49.942;;;;;;18007;132339762079486000;2020-05-15;03:30:07.949;;;;;;;;132000_0034386614;;;;;;EDI+EDI;;Accept;;132000;2291;;123;Departures;;;;;;;;;;;;
D01/00000D4926A10007;132339764784715676;2020-05-15;03:34:38.472;application/x-bolt;25590;3628382692;132339764540866000;2020-05-15;03:34:14.087;;;;;;18007;132339764720936000;2020-05-15;03:34:32.094;;;;;;;;132000_0034386615;;;;;;EDI+EDI;;Accept;;132000;5320;;123;Departures;;;;;;;;;;;;
D01/00000D4926A80007;132339765298062356;2020-05-15;03:35:29.806;application/x-bolt;24443;3628382691;132339765054206000;2020-05-15;03:35:05.421;;;;;;18007;132339765234276000;2020-05-15;03:35:23.428;;;;;;;;132000_0034386616;;;;;;EDI+EDI;;Accept;;132000;2217;;123;Departures;;;;;;;;;;;;
D01/00000D4926AF0006;132339765328988060;2020-05-15;03:35:32.899;application/x-bolt;23419;3628382693;132339765084416000;2020-05-15;03:35:08.442;;;;;;18083;132339765265246000;2020-05-15;03:35:26.525;;;;;;;;132000_0034386617;;;;;;EDI+EDI;;Accept;;132000;2237;;123;Departures;;;;;;;;;;;;
D01/00000D4926B50007;132339765359783658;2020-05-15;03:35:35.978;application/x-bolt;24538;3628382694;132339765115606000;2020-05-15;03:35:11.561;;;;;;18046;132339765296066000;2020-05-15;03:35:29.607;;;;;;;;132000_0034386618;;;;;;EDI+EDI;;Accept;;132000;2277;;123;Departures;;;;;;;;;;;;
D01/00000D4926BC0007;132339766488305020;2020-05-15;03:37:28.831;application/x-bolt;24315;3628382695;132339766244576000;2020-05-15;03:37:04.458;;;;;;18007;132339766424646000;2020-05-15;03:37:22.465;;;;;;;;132000_0034386619;;;;Camera06;03;EDI+EDI;;Accept;;132000;2965;;123;Departures;;;;;;;;;;;;
D01/00000D4926C30007;132339770973349455;2020-05-15;03:44:57.335;application/x-bolt;25277;3628382696;132339770729396000;2020-05-15;03:44:32.940;;;;;;18007;132339770909466000;2020-05-15;03:44:50.947;;;;;;;;132000_0034386620;;;;;;EDI+EDI;;Accept;;132000;2230;;123;Departures;;;;;;;;;;;;
D01/00000D4926CA0006;132339772123945752;2020-05-15;03:46:52.395;application/x-bolt;22916;5628608005;132339771879946000;2020-05-15;03:46:27.995;;;;;;18008;132339772060026000;2020-05-15;03:46:46.003;;;;;;;;132000_0034386621;;;;Camera03;05;EDI+EDI;;Accept;;132000;2223;;123;Departures;;;;;;;;;;;;
D01/00000D4926D00007;132339774566771644;2020-05-15;03:50:56.677;application/x-bolt;24769;9628377978;132339774322686000;2020-05-15;03:50:32.269;;;;;;18006;132339774502746000;2020-05-15;03:50:50.275;;;;;;;;132000_0034386622;;;;;;EDI+EDI;;Accept;;132000;2209;;123;Departures;;;;;;;;;;;;
D01/00000D4926D70007;132339776654490126;2020-05-15;03:54:25.449;application/x-bolt;24171;9628377979;132339776410336000;2020-05-15;03:54:01.034;;;;;;18007;132339776590406000;2020-05-15;03:54:19.041;;;;;;;;132000_0034386623;;;;;;EDI+EDI;;Accept;;132000;2234;;123;Departures;;;;;;;;;;;;
D01/00000D4926DE0007;132339970301995344;2020-05-15;09:17:10.200;application/x-bolt;24862;0523451069;132339970054426000;2020-05-15;09:16:45.443;;;;;;18006;132339970234486000;2020-05-15;09:17:03.449;;;;;;;;132000_0034386628;;;;;;EDI+EDI;;Accept;;132000;2234;;123;Departures;;;;;;;;;;;;
D01/00000D4926E50007;132339970325805132;2020-05-15;09:17:12.581;application/x-bolt;24353;0523542738;132339970078516000;2020-05-15;09:16:47.852;;;;;;18006;132339970258576000;2020-05-15;09:17:05.858;;;;;;;;132000_0034386627;;;;;;EDI+EDI;;Accept;;132000;2232;;123;Departures;;;;;;;;;;;;
D01/00000D4926EC0006;132339970362925988;2020-05-15;09:17:16.293;application/x-bolt;23122;0523506793;132339970114966000;2020-05-15;09:16:51.497;;;;;;18063;132339970295596000;2020-05-15;09:17:09.560;;;;;;;;132000_0034386629;;;;Camera04;08;EDI+EDI;;Accept;;132000;2228;;123;Departures;;;;;;;;;;;;
D01/00000D4926F20007;132339970384794163;2020-05-15;09:17:18.479;application/x-bolt;24659;0523580303;132339970137436000;2020-05-15;09:16:53.744;;;;;;18006;132339970317496000;2020-05-15;09:17:11.750;;;;;;;;132000_0034386630;;;;;;EDI+EDI;;Accept;;132000;2243;;123;Departures;;;;;;;;;;;;
D01/00000D4926F90006;132339970412307028;2020-05-15;09:17:21.231;application/x-bolt;22620;0523582359;132339970164926000;2020-05-15;09:16:56.493;;;;;;18006;132339970344986000;2020-05-15;09:17:14.499;;;;;;;;132000_0034386631;;;;Camera05;08;EDI+EDI;;Accept;;132000;2245;;123;Departures;;;;;;;;;;;;
D01/00000D4926FF0007;132339971438499969;2020-05-15;09:19:03.850;application/x-bolt;25680;0523436909;132339971190976000;2020-05-15;09:18:39.098;;;;;;18008;132339971371056000;2020-05-15;09:18:57.106;;;;;;;;132000_0034386632;;;;;;EDI+EDI;;Accept;;132000;2276;;123;Departures;;;;;;;;;;;;
D01/00000D4927060006;132339971727239959;2020-05-15;09:19:32.724;application/x-bolt;23173;0523508785;132339971479716000;2020-05-15;09:19:07.972;;;;;;18007;132339971659786000;2020-05-15;09:19:25.979;;;;;;;;132000_0034386633;;;;Camera06;06;EDI+EDI;;Accept;;132000;2316;;123;Departures;;;;;;;;;;;;
D01/00000D49270C0007;132339972154795335;2020-05-15;09:20:15.480;application/x-bolt;24451;0523529885;132339971907576000;2020-05-15;09:19:50.758;;;;;;18007;132339972087646000;2020-05-15;09:20:08.765;;;;;;;;132000_0034386634;;;;;;EDI+EDI;;Accept;;132000;2276;;123;Departures;;;;;;;;;;;;
D01/00000D4927130007;132339972597763514;2020-05-15;09:20:59.776;application/x-bolt;24244;0523528832;132339972350256000;2020-05-15;09:20:35.026;;;;;;18006;132339972530316000;2020-05-15;09:20:53.032;;;;;;;;132000_0034386635;;;;;;EDI+EDI;;Accept;;132000;4384;;123;Departures;;;;;;;;;;;;
D01/00000D49271A0006;132339973892359542;2020-05-15;09:23:09.236;application/x-bolt;22531;0523578347;132339973644986000;2020-05-15;09:22:44.499;;;;;;18007;132339973825056000;2020-05-15;09:23:02.506;;;;;;;;132000_0034386638;;;;Camera03;05;EDI+EDI;;Accept;;132000;2909;;123;Departures;;;;;;;;;;;;
D01/00000D4927200006;132339974208902640;2020-05-15;09:23:40.890;application/x-bolt;23084;0523408884;132339973961396000;2020-05-15;09:23:16.140;;;;;;18007;132339974141466000;2020-05-15;09:23:34.147;;;;;;;;132000_0034386637;;;;Camera04;06;EDI+EDI;;Accept;;132000;3278;;123;Departures;;;;;;;;;;;;
D01/00000D4927260006;132339975398891724;2020-05-15;09:25:39.889;application/x-bolt;24087;0523553476;132339975151306000;2020-05-15;09:25:15.131;;;;;;18006;132339975331366000;2020-05-15;09:25:33.137;;;;;;;;132000_0034386639;;;;;;EDI+EDI;;Accept;;132000;4285;;123;Departures;;;;;;;;;;;;
D01/00000D49272C0007;132339975457430379;2020-05-15;09:25:45.743;application/x-bolt;24194;0523543581;132339975209946000;2020-05-15;09:25:20.995;;;;;;18006;132339975390006000;2020-05-15;09:25:39.001;;;;;;;;132000_0034386640;;;;;;EDI+EDI;;Accept;;132000;2243;;123;Departures;;;;;;;;;;;;
D01/00000D4927330007;132339975895984890;2020-05-15;09:26:29.598;application/x-bolt;24930;0523528835;132339975648386000;2020-05-15;09:26:04.839;;;;;;18014;132339975828526000;2020-05-15;09:26:22.853;;;;;;;;132000_0034386641;;;;;;EDI+EDI;;Accept;;132000;2578;;123;Departures;;;;;;;;;;;;
D01/00000D49273A0006;132339976167240350;2020-05-15;09:26:56.724;application/x-bolt;23237;0523436910;132339975919666000;2020-05-15;09:26:31.967;;;;;;18007;132339976099736000;2020-05-15;09:26:49.974;;;;;;;;132000_0034386642;;;;Camera06;05;EDI+EDI;;Accept;;132000;2262;;123;Departures;;;;;;;;;;;;
D01/00000D4927400007;132339977360332014;2020-05-15;09:28:56.033;application/x-bolt;24324;0523438897;132339977112746000;2020-05-15;09:28:31.275;;;;;;18007;132339977292816000;2020-05-15;09:28:49.282;;;;;;;;132000_0034386643;;;;;;EDI+EDI;;Accept;;132000;2264;;123;Departures;;;;;;;;;;;;
D01/00000D4927470007;132339977447674606;2020-05-15;09:29:04.767;application/x-bolt;25227;0523552512;132339977200096000;2020-05-15;09:28:40.010;;;;;;18007;132339977380166000;2020-05-15;09:28:58.017;;;;;;;;132000_0034386644;;;;;;EDI+EDI;;Accept;;132000;3415;;123;Departures;;;;;;;;;;;;
D01/00000D49274E000A;132339978143743158;2020-05-15;09:30:14.374;application/x-bolt;38732;;132339977898676000;2020-05-15;09:29:49.868;;;;;;17716;132339978075836000;2020-05-15;09:30:07.584;;;11300;816;;Reject;2572;132000_0034386645;;;"Enrichment ""VCCLicense"" cancelled: no requester available / Enrichment ""VCCNoBSM"" cancelled: no requester available";Camera06;06;VCS+VCS;;Cancel;;132000;2267;;123;Departures;;2;Cancelled: no requester available;Cancel;14703;;;3;Cancelled: no requester available;Cancel;14711;
D01/00000D4927580006;132339978605857255;2020-05-15;09:31:00.586;application/x-bolt;23585;0523449777;132339978358306000;2020-05-15;09:30:35.831;;;;;;18007;132339978538376000;2020-05-15;09:30:53.838;;;;;;;;132000_0034386646;;;;Camera05;05;EDI+EDI;;Accept;;132000;3598;;123;Departures;;;;;;;;;;;;
D01/00000D49275E0006;132339978719181445;2020-05-15;09:31:11.918;application/x-bolt;24030;0523582361;132339978471606000;2020-05-15;09:30:47.161;;;;;;18006;132339978651666000;2020-05-15;09:31:05.167;;;;;;;;132000_0034386647;;;;Camera05;03;EDI+EDI;;Accept;;132000;2272;;123;Departures;;;;;;;;;;;;
D01/00000D4927640007;132339978859648195;2020-05-15;09:31:25.965;application/x-bolt;24730;0523582362;132339978612156000;2020-05-15;09:31:01.216;;;;;;18006;132339978792216000;2020-05-15;09:31:19.222;;;;;;;;132000_0034386648;;;;;;EDI+EDI;;Accept;;132000;2315;;123;Departures;;;;;;;;;;;;
D01/00000D49276B0006;132339978893846619;2020-05-15;09:31:29.385;application/x-bolt;21331;0523436911;132339978646356000;2020-05-15;09:31:04.636;;;;;;18007;132339978826426000;2020-05-15;09:31:22.643;;;;;;;;132000_0034386650;;;;;;EDI+EDI;;Accept;;132000;2341;;123;Departures;;;;;;;;;;;;
D01/00000D4927710007;132339979330309401;2020-05-15;09:32:13.031;application/x-bolt;24985;0523505716;132339979082736000;2020-05-15;09:31:48.274;;;;;;18009;132339979262826000;2020-05-15;09:32:06.283;;;;;;;;132000_0034386651;;;;;;EDI+EDI;;Accept;;132000;2293;;123;Departures;;;;;;;;;;;;
D01/00000D4927780006;132339979534008704;2020-05-15;09:32:33.401;application/x-bolt;23888;0523518869;132339979286366000;2020-05-15;09:32:08.637;;;;;;18006;132339979466426000;2020-05-15;09:32:26.643;;;;;;;;132000_0034386652;;;;;;EDI+EDI;;Accept;;132000;2299;;123;Departures;;;;;;;;;;;;
D01/00000D49277E0006;132339979795606135;2020-05-15;09:32:59.561;application/x-bolt;21144;0523508787;132339979548086000;2020-05-15;09:32:34.809;;;;;;18006;132339979728146000;2020-05-15;09:32:52.815;;;;;;;;132000_0034386653;;;;;;EDI+EDI;;Accept;;132000;4611;;123;Departures;;;;;;;;;;;;
D01/00000D4927840006;132339980194497681;2020-05-15;09:33:39.450;application/x-bolt;23147;0523506796;132339979946976000;2020-05-15;09:33:14.698;;;;;;18007;132339980127046000;2020-05-15;09:33:32.705;;;;;;;;132000_0034386654;;;;Camera06;06;EDI+EDI;;Accept;;132000;4714;;123;Departures;;;;;;;;;;;;
D01/00000D49278A0007;132339980799400457;2020-05-15;09:34:39.940;application/x-bolt;24831;0523576296;132339980551806000;2020-05-15;09:34:15.181;;;;;;18006;132339980731866000;2020-05-15;09:34:33.187;;;;;;;;132000_0034386655;;;;;;EDI+EDI;;Accept;;132000;4232;;123;Departures;;;;;;;;;;;;
D01/00000D4927910007;132339981327399316;2020-05-15;09:35:32.740;application/x-bolt;24369;0523573372;132339981079716000;2020-05-15;09:35:07.972;;;;;;18008;132339981259796000;2020-05-15;09:35:25.980;;;;;;;;132000_0034386656;;;;Camera02;08;EDI+EDI;;Accept;;132000;2324;;123;Departures;;;;;;;;;;;;
D01/00000D4927980007;132339982391896876;2020-05-15;09:37:19.190;application/x-bolt;24673;0523408072;132339982144476000;2020-05-15;09:36:54.448;;;;;;18006;132339982324536000;2020-05-15;09:37:12.454;;;;;;;;132000_0034386657;;;;;;EDI+EDI;;Accept;;132000;4957;;123;Departures;;;;;;;;;;;;
D01/00000D49279F0007;132339982510280328;2020-05-15;09:37:31.028;application/x-bolt;25320;0523519961;132339982262926000;2020-05-15;09:37:06.293;;;;;;18009;132339982443016000;2020-05-15;09:37:24.302;;;;;;;;132000_0034386658;;;;;;EDI+EDI;;Accept;;132000;2283;;123;Departures;;;;;;;;;;;;
D01/00000D4927A60006;132339982559871099;2020-05-15;09:37:35.987;application/x-bolt;21205;0523440147;132339982312476000;2020-05-15;09:37:11.248;;;;;;18010;132339982492576000;2020-05-15;09:37:29.258;;;;;;;;132000_0034386659;;;;;;EDI+EDI;;Accept;;132000;2266;;123;Departures;;;;;;;;;;;;
D01/00000D4927AC0006;132339983339094567;2020-05-15;09:38:53.909;application/x-bolt;23010;0523532809;132339983091826000;2020-05-15;09:38:29.183;;;;;;18007;132339983271896000;2020-05-15;09:38:47.190;;;;;;;;132000_0034386660;;;;Camera01;06;EDI+EDI;;Accept;;132000;2294;;123;Departures;;;;;;;;;;;;
D01/00000D4927B20006;132339983574300499;2020-05-15;09:39:17.430;application/x-bolt;23586;0523408073;132339983327076000;2020-05-15;09:38:52.708;;;;;;18008;132339983507156000;2020-05-15;09:39:10.716;;;;;;;;132000_0034386661;;;;;;EDI+EDI;;Accept;;132000;2282;;123;Departures;;;;;;;;;;;;
D01/00000D4927B80006;132339983828998528;2020-05-15;09:39:42.900;application/x-bolt;22907;0523574373;132339983581766000;2020-05-15;09:39:18.177;;;;;;18007;132339983761836000;2020-05-15;09:39:36.184;;;;;;;;132000_0034386662;;;;Camera06;01;EDI+EDI;;Accept;;132000;2292;;123;Departures;;;;;;;;;;;;
D01/00000D4927BE0006;132339984179516008;2020-05-15;09:40:17.952;application/x-bolt;23662;0523574374;132339983932476000;2020-05-15;09:39:53.248;;;;;;18009;132339984112566000;2020-05-15;09:40:11.257;;;;;;;;132000_0034386663;;;;;;EDI+EDI;;Accept;;132000;2286;;123;Departures;;;;;;;;;;;;
D01/00000D4927C40007;132339984320323372;2020-05-15;09:40:32.032;application/x-bolt;25114;0523575339;132339984073306000;2020-05-15;09:40:07.331;;;;;;18008;132339984253386000;2020-05-15;09:40:25.339;;;;;;;;132000_0034386664;;;;;;EDI+EDI;;Accept;;132000;2296;;123;Departures;;;;;;;;;;;;
D01/00000D4927CB0006;132339984766800386;2020-05-15;09:41:16.680;application/x-bolt;24012;0523572424;132339984519836000;2020-05-15;09:40:51.984;;;;;;18006;132339984699896000;2020-05-15;09:41:09.990;;;;;;;;132000_0034386665;;;;Camera05;01;EDI+EDI;;Accept;;132000;2294;;123;Departures;;;;;;;;;;;;
D01/00000D4927D10006;132339984845229048;2020-05-15;09:41:24.523;application/x-bolt;23883;0523561538;132339984598286000;2020-05-15;09:40:59.829;;;;;;18007;132339984778356000;2020-05-15;09:41:17.836;;;;;;;;132000_0034386666;;;;Camera03;06;EDI+EDI;;Accept;;132000;2297;;123;Departures;;;;;;;;;;;;
D01/00000D4927D70006;132339984902487134;2020-05-15;09:41:30.249;application/x-bolt;23715;0523528839;132339984655596000;2020-05-15;09:41:05.560;;;;;;18007;132339984835666000;2020-05-15;09:41:23.567;;;;;;;;132000_0034386667;;;;Camera05;01;EDI+EDI;;Accept;;132000;2333;;123;Departures;;;;;;;;;;;;
D01/00000D4927DD0006;132339985978662379;2020-05-15;09:43:17.866;application/x-bolt;22653;0523576297;132339985731666000;2020-05-15;09:42:53.167;;;;;;18007;132339985911736000;2020-05-15;09:43:11.174;;;;;;;;132000_0034386668;;;;Camera04;07;EDI+EDI;;Accept;;132000;2305;;123;Departures;;;;;;;;;;;;
D01/00000D4927E30006;132339986058251931;2020-05-15;09:43:25.825;application/x-bolt;23085;0523507849;132339985811516000;2020-05-15;09:43:01.152;;;;;;18007;132339985991586000;2020-05-15;09:43:19.159;;;;;;;;132000_0034386669;;;;Camera06;04;EDI+EDI;;Accept;;132000;2334;;123;Departures;;;;;;;;;;;;
D01/00000D4927E90007;132339986660032213;2020-05-15;09:44:26.003;application/x-bolt;25912;0523505720;132339986413146000;2020-05-15;09:44:01.315;;;;;;18007;132339986593216000;2020-05-15;09:44:19.322;;;;;;;;132000_0034386670;;;;;;EDI+EDI;;Accept;;132000;2310;;123;Departures;;;;;;;;;;;;
D01/00000D4927F00006;132339986863364357;2020-05-15;09:44:46.336;application/x-bolt;23460;0523508788;132339986616396000;2020-05-15;09:44:21.640;;;;;;18006;132339986796456000;2020-05-15;09:44:39.646;;;;;;;;132000_0034386671;;;;Camera05;01;EDI+EDI;;Accept;;132000;2302;;123;Departures;;;;;;;;;;;;
D01/00000D4927F60007;132339987175157653;2020-05-15;09:45:17.516;application/x-bolt;24865;0523520740;132339986928276000;2020-05-15;09:44:52.828;;;;;;18007;132339987108346000;2020-05-15;09:45:10.835;;;;;;;;132000_0034386672;;;;;;EDI+EDI;;Accept;;132000;2316;;123;Departures;;;;;;;;;;;;
D01/00000D4927FD0007;132339987457288756;2020-05-15;09:45:45.729;application/x-bolt;24655;0523530846;132339987210426000;2020-05-15;09:45:21.043;;;;;;18007;132339987390496000;2020-05-15;09:45:39.050;;;;;;;;132000_0034386673;;;;;;EDI+EDI;;Accept;;132000;2290;;123;Departures;;;;;;;;;;;;
D01/00000D4928040007;132339987516262881;2020-05-15;09:45:51.626;application/x-bolt;25193;0523520741;132339987269456000;2020-05-15;09:45:26.946;;;;;;18006;132339987449516000;2020-05-15;09:45:44.952;;;;;;;;132000_0034386674;;;;;;EDI+EDI;;Accept;;132000;2290;;123;Departures;;;;;;;;;;;;
D01/00000D49280B0006;132339988179524396;2020-05-15;09:46:57.952;application/x-bolt;23753;0523574380;132339987932666000;2020-05-15;09:46:33.267;;;;;;18007;132339988112736000;2020-05-15;09:46:51.274;;;;;;;;132000_0034386676;;;;;;EDI+EDI;;Accept;;132000;2290;;123;Departures;;;;;;;;;;;;
D01/00000D4928110007;132339988240583212;2020-05-15;09:47:04.058;application/x-bolt;24348;0523563488;132339987993886000;2020-05-15;09:46:39.389;;;;;;18011;132339988173996000;2020-05-15;09:46:57.400;;;;;;;;132000_0034386675;;;;;;EDI+EDI;;Accept;;132000;2292;;123;Departures;;;;;;;;;;;;
D01/00000D4928180006;132339988297448673;2020-05-15;09:47:09.745;application/x-bolt;23564;0523411057;132339988050666000;2020-05-15;09:46:45.067;;;;;;18006;132339988230726000;2020-05-15;09:47:03.073;;;;;;;;132000_0034386677;;;;Camera05;01;EDI+EDI;;Accept;;132000;2321;;123;Departures;;;;;;;;;;;;
D01/00000D49281E0006;132339988462620722;2020-05-15;09:47:26.262;application/x-bolt;23694;0523411056;132339988215966000;2020-05-15;09:47:01.597;;;;;;18006;132339988396026000;2020-05-15;09:47:19.603;;;;;;;;132000_0034386678;;;;;;EDI+EDI;;Accept;;132000;2324;;123;Departures;;;;;;;;;;;;
D01/00000D4928240006;132339989152212025;2020-05-15;09:48:35.221;application/x-bolt;23189;0523507851;132339988905566000;2020-05-15;09:48:10.557;;;;;;18006;132339989085626000;2020-05-15;09:48:28.563;;;;;;;;132000_0034386679;;;;Camera06;05;EDI+EDI;;Accept;;132000;2281;;123;Departures;;;;;;;;;;;;
D01/00000D49282A0007;132339989411839584;2020-05-15;09:49:01.184;application/x-bolt;25486;0523507852;132339989164876000;2020-05-15;09:48:36.488;;;;;;18008;132339989344956000;2020-05-15;09:48:54.496;;;;;;;;132000_0034386680;;;;;;EDI+EDI;;Accept;;132000;2925;;123;Departures;;;;;;;;;;;;
D01/00000D4928310007;132339989587560072;2020-05-15;09:49:18.756;application/x-bolt;26082;0523561540;132339989340886000;2020-05-15;09:48:54.089;;;;;;18008;132339989520966000;2020-05-15;09:49:12.097;;;;;;;;132000_0034386685;;;;;;EDI+EDI;;Accept;;132000;5321;;123;Departures;;;;;;;;;;;;
D01/00000D4928380007;132339989645036018;2020-05-15;09:49:24.504;application/x-bolt;25185;0523561539;132339989398336000;2020-05-15;09:48:59.834;;;;;;18007;132339989578406000;2020-05-15;09:49:17.841;;;;;;;;132000_0034386686;;;;;;EDI+EDI;;Accept;;132000;2338;;123;Departures;;;;;;;;;;;;
D01/00000D49283F0007;132339990025620283;2020-05-15;09:50:02.562;application/x-bolt;24566;0523572426;132339989778896000;2020-05-15;09:49:37.890;;;;;;18007;132339989958966000;2020-05-15;09:49:55.897;;;;;;;;132000_0034386687;;;;;;EDI+EDI;;Accept;;132000;2345;;123;Departures;;;;;;;;;;;;
D01/00000D4928460006;132339990165592185;2020-05-15;09:50:16.559;application/x-bolt;22834;0523436913;132339989918826000;2020-05-15;09:49:51.883;;;;;;18006;132339990098886000;2020-05-15;09:50:09.889;;;;;;;;132000_0034386688;;;;Camera03;12;EDI+EDI;;Accept;;132000;2347;;123;Departures;;;;;;;;;;;;
D01/00000D49284C0006;132339990879052574;2020-05-15;09:51:27.905;application/x-bolt;23479;0523576298;132339990632426000;2020-05-15;09:51:03.243;;;;;;18008;132339990812506000;2020-05-15;09:51:21.251;;;;;;;;132000_0034386689;;;;Camera06;05;EDI+EDI;;Accept;;132000;2333;;123;Departures;;;;;;;;;;;;
D01/00000D4928520007;132339991199514809;2020-05-15;09:51:59.951;application/x-bolt;26515;0523571369;132339990952836000;2020-05-15;09:51:35.284;;;;;;18007;132339991132906000;2020-05-15;09:51:53.291;;;;;;;;132000_0034386690;;;;;;EDI+EDI;;Accept;;132000;4122;;123;Departures;;;;;;;;;;;;
D01/00000D4928590007;132339991318011797;2020-05-15;09:52:11.801;application/x-bolt;24336;0523447897;132339991071466000;2020-05-15;09:51:47.147;;;;;;18007;132339991251536000;2020-05-15;09:52:05.154;;;;;;;;132000_0034386691;;;;;;EDI+EDI;;Accept;;132000;2331;;123;Departures;;;;;;;;;;;;
D01/00000D4928600007;132339991397106535;2020-05-15;09:52:19.711;application/x-bolt;25235;0523571370;132339991150386000;2020-05-15;09:51:55.039;;;;;;18007;132339991330456000;2020-05-15;09:52:13.046;;;;;;;;132000_0034386692;;;;;;EDI+EDI;;Accept;;132000;4373;;123;Departures;;;;;;;;;;;;
D01/00000D4928670006;132339991960417595;2020-05-15;09:53:16.042;application/x-bolt;23123;0523438904;132339991713706000;2020-05-15;09:52:51.371;;;;;;18007;132339991893776000;2020-05-15;09:53:09.378;;;;;;;;132000_0034386693;;;;Camera03;06;EDI+EDI;;Accept;;132000;2309;;123;Departures;;;;;;;;;;;;
D01/00000D49286D0006;132339992117035789;2020-05-15;09:53:31.704;application/x-bolt;23676;0523530849;132339991870296000;2020-05-15;09:53:07.030;;;;;;18008;132339992050376000;2020-05-15;09:53:25.038;;;;;;;;132000_0034386694;;;;Camera05;03;EDI+EDI;;Accept;;132000;2313;;123;Departures;;;;;;;;;;;;
D01/00000D4928730007;132339992229207600;2020-05-15;09:53:42.921;application/x-bolt;24383;0523440151;132339991982526000;2020-05-15;09:53:18.253;;;;;;18008;132339992162606000;2020-05-15;09:53:36.261;;;;;;;;132000_0034386695;;;;;;EDI+EDI;;Accept;;132000;2333;;123;Departures;;;;;;;;;;;;
D01/00000D49287A0007;132339993948104491;2020-05-15;09:56:34.810;application/x-bolt;24867;0523451084;132339993701306000;2020-05-15;09:56:10.131;;;;;;18007;132339993881376000;2020-05-15;09:56:28.138;;;;;;;;132000_0034386696;;;;;;EDI+EDI;;Accept;;132000;2258;;123;Departures;;;;;;;;;;;;
D01/00000D4928810006;132339994213361601;2020-05-15;09:57:01.336;application/x-bolt;22694;0523532814;132339993966636000;2020-05-15;09:56:36.664;;;;;;18007;132339994146706000;2020-05-15;09:56:54.671;;;;;;;;132000_0034386697;;;;Camera04;03;EDI+EDI;;Accept;;132000;2764;;123;Departures;;;;;;;;;;;;
D01/00000D4928870007;132339994550567601;2020-05-15;09:57:35.057;application/x-bolt;25317;0523530851;132339994303766000;2020-05-15;09:57:10.377;;;;;;18007;132339994483836000;2020-05-15;09:57:28.384;;;;;;;;132000_0034386698;;;;;;EDI+EDI;;Accept;;132000;2256;;123;Departures;;;;;;;;;;;;
D01/00000D49288E0007;132339994584495367;2020-05-15;09:57:38.450;application/x-bolt;25820;0523551673;132339994337746000;2020-05-15;09:57:13.775;;;;;;18016;132339994517906000;2020-05-15;09:57:31.791;;;;;;;;132000_0034386699;;;;;;EDI+EDI;;Accept;;132000;2249;;123;Departures;;;;;;;;;;;;
D01/00000D4928950006;132339995022954243;2020-05-15;09:58:22.295;application/x-bolt;23557;0523531623;132339994776306000;2020-05-15;09:57:57.631;;;;;;18006;132339994956366000;2020-05-15;09:58:15.637;;;;;;;;132000_0034386700;;;;Camera01;06;EDI+EDI;;Accept;;132000;2273;;123;Departures;;;;;;;;;;;;
D01/00000D49289B0006;132339995221937107;2020-05-15;09:58:42.194;application/x-bolt;22393;0523575342;132339994975236000;2020-05-15;09:58:17.524;;;;;;18007;132339995155306000;2020-05-15;09:58:35.531;;;;;;;;132000_0034386701;;;;Camera06;04;EDI+EDI;;Accept;;132000;2260;;123;Departures;;;;;;;;;;;;
D01/00000D4928A10006;132339995543019912;2020-05-15;09:59:14.302;application/x-bolt;24074;0523519968;132339995296546000;2020-05-15;09:58:49.655;;;;;;18006;132339995476606000;2020-05-15;09:59:07.661;;;;;;;;132000_0034386702;;;;Camera05;03;EDI+EDI;;Accept;;132000;2281;;123;Departures;;;;;;;;;;;;
D01/00000D4928A70007;132339995625727603;2020-05-15;09:59:22.573;application/x-bolt;26396;0523528834 / 8823528834;132339995379106000;2020-05-15;09:58:57.911;;;;;;18006;132339995559166000;2020-05-15;09:59:15.917;;;;;;;;132000_0034386703;;;Multiple main barcodes detected;;;EDI+EDI;;Accept;;132000;2278;;123;Departures;;;;;;;;;;;;
D01/00000D4928AE0006;132339995832446800;2020-05-15;09:59:43.245;application/x-bolt;23366;0523571371;132339995585766000;2020-05-15;09:59:18.577;;;;;;18006;132339995765826000;2020-05-15;09:59:36.583;;;;;;;;132000_0034386704;;;;Camera04;03;EDI+EDI;;Accept;;132000;2301;;123;Departures;;;;;;;;;;;;
D01/00000D4928B40007;132339996094221061;2020-05-15;10:00:09.422;application/x-bolt;24307;0523551674;132339995847516000;2020-05-15;09:59:44.752;;;;;;18007;132339996027586000;2020-05-15;10:00:02.759;;;;;;;;132000_0034386705;;;;;;EDI+EDI;;Accept;;132000;2664;;123;Departures;;;;;;;;;;;;
D01/00000D4928BB0007;132339996290101384;2020-05-15;10:00:29.010;application/x-bolt;25238;0523436914;132339996043346000;2020-05-15;10:00:04.335;;;;;;18007;132339996223416000;2020-05-15;10:00:22.342;;;;;;;;132000_0034386706;;;;;;EDI+EDI;;Accept;;132000;3079;;123;Departures;;;;;;;;;;;;
D01/00000D4928C20006;132339996612425208;2020-05-15;10:01:01.243;application/x-bolt;21129;0523530852;132339996365816000;2020-05-15;10:00:36.582;;;;;;18006;132339996545876000;2020-05-15;10:00:54.588;;;;;;;;132000_0034386707;;;;;;EDI+EDI;;Accept;;132000;2825;;123;Departures;;;;;;;;;;;;
D01/00000D4928C80007;132339997516959577;2020-05-15;10:02:31.696;application/x-bolt;24600;0523451087;132339997270316000;2020-05-15;10:02:07.032;;;;;;18006;132339997450376000;2020-05-15;10:02:25.038;;;;;;;;132000_0034386708;;;;;;EDI+EDI;;Accept;;132000;2369;;123;Departures;;;;;;;;;;;;
D01/00000D4928CF0006;132339997594143240;2020-05-15;10:02:39.414;application/x-bolt;23633;0523553483;132339997347446000;2020-05-15;10:02:14.745;;;;;;18006;132339997527506000;2020-05-15;10:02:32.751;;;;;;;;132000_0034386709;;;;;;EDI+EDI;;Accept;;132000;4676;;123;Departures;;;;;;;;;;;;
D01/00000D4928D50007;132339997660097643;2020-05-15;10:02:46.010;application/x-bolt;25764;0523553482;132339997413406000;2020-05-15;10:02:21.341;;;;;;18006;132339997593466000;2020-05-15;10:02:39.347;;;;;;;;132000_0034386710;;;;;;EDI+EDI;;Accept;;132000;2353;;123;Departures;;;;;;;;;;;;
D01/00000D4928DC0007;132339997712951237;2020-05-15;10:02:51.295;application/x-bolt;24827;0523451088;132339997466326000;2020-05-15;10:02:26.633;;;;;;18007;132339997646396000;2020-05-15;10:02:44.640;;;;;;;;132000_0034386711;;;;;;EDI+EDI;;Accept;;132000;2355;;123;Departures;;;;;;;;;;;;
D01/00000D4928E30007;132339997777094148;2020-05-15;10:02:57.709;application/x-bolt;24253;0523577341;132339997530526000;2020-05-15;10:02:33.053;;;;;;18007;132339997710596000;2020-05-15;10:02:51.060;;;;;;;;132000_0034386712;;;;Camera05;07;EDI+EDI;;Accept;;132000;2368;;123;Departures;;;;;;;;;;;;
D01/00000D4928EA0007;132339997829617466;2020-05-15;10:03:02.962;application/x-bolt;24856;0523519970;132339997582936000;2020-05-15;10:02:38.294;;;;;;18007;132339997763006000;2020-05-15;10:02:56.301;;;;;;;;132000_0034386713;;;;;;EDI+EDI;;Accept;;132000;2378;;123;Departures;;;;;;;;;;;;
D01/00000D4928F10007;132339998579636105;2020-05-15;10:04:17.964;application/x-bolt;24965;0523532815;132339998332926000;2020-05-15;10:03:53.293;;;;;;18007;132339998512996000;2020-05-15;10:04:11.300;;;;;;;;132000_0034386714;;;;Camera05;03;EDI+EDI;;Accept;;132000;2336;;123;Departures;;;;;;;;;;;;
D01/00000D4928F80006;132339998817121989;2020-05-15;10:04:41.712;application/x-bolt;21135;0523518880;132339998570386000;2020-05-15;10:04:17.039;;;;;;18007;132339998750456000;2020-05-15;10:04:35.046;;;;;;;;132000_0034386715;;;;;;EDI+EDI;;Accept;;132000;2385;;123;Departures;;;;;;;;;;;;
D01/00000D4928FE0007;132339998901101258;2020-05-15;10:04:50.110;application/x-bolt;24909;0523572432;132339998654366000;2020-05-15;10:04:25.437;;;;;;18007;132339998834436000;2020-05-15;10:04:43.444;;;;;;;;132000_0034386716;;;;;;EDI+EDI;;Accept;;132000;2338;;123;Departures;;;;;;;;;;;;
D01/00000D4929050007;132339999363752869;2020-05-15;10:05:36.375;application/x-bolt;24577;0523520746;132339999117036000;2020-05-15;10:05:11.704;;;;;;18007;132339999297106000;2020-05-15;10:05:29.711;;;;;;;;132000_0034386717;;;;;;EDI+EDI;;Accept;;132000;2332;;123;Departures;;;;;;;;;;;;
D01/00000D49290C0006;132339999477756898;2020-05-15;10:05:47.776;application/x-bolt;23538;0523451089;132339999231096000;2020-05-15;10:05:23.110;;;;;;18007;132339999411166000;2020-05-15;10:05:41.117;;;;;;;;132000_0034386718;;;;Camera05;01;EDI+EDI;;Accept;;132000;2327;;123;Departures;;;;;;;;;;;;
D01/00000D4929120006;132340000159028831;2020-05-15;10:06:55.903;application/x-bolt;23901;0523572433;132339999912556000;2020-05-15;10:06:31.256;;;;;;18007;132340000092626000;2020-05-15;10:06:49.263;;;;;;;;132000_0034386719;;;;Camera01;05;EDI+EDI;;Accept;;132000;2320;;123;Departures;;;;;;;;;;;;
D01/00000D4929180006;132340000425318475;2020-05-15;10:07:22.532;application/x-bolt;23624;0523530858;132340000178646000;2020-05-15;10:06:57.865;;;;;;18006;132340000358706000;2020-05-15;10:07:15.871;;;;;;;;132000_0034386720;;;;Camera06;09;EDI+EDI;;Accept;;132000;2355;;123;Departures;;;;;;;;;;;;
D01/00000D49291E0007;132340000974441405;2020-05-15;10:08:17.444;application/x-bolt;24532;0523530857;132340000727566000;2020-05-15;10:07:52.757;;;;;;18008;132340000907646000;2020-05-15;10:08:10.765;;;;;;;;132000_0034386722;;;;;;EDI+EDI;;Accept;;132000;2333;;123;Departures;;;;;;;;;;;;
D01/00000D4929250006;132340001144601756;2020-05-15;10:08:34.460;application/x-bolt;21260;0523519973;132340000897956000;2020-05-15;10:08:09.796;;;;;;18006;132340001078016000;2020-05-15;10:08:27.802;;;;;;;;132000_0034386723;;;;;;EDI+EDI;;Accept;;132000;2291;;123;Departures;;;;;;;;;;;;
D01/00000D49292B0007;132340001291142631;2020-05-15;10:08:49.114;application/x-bolt;25236;0523563490;132340001044436000;2020-05-15;10:08:24.444;;;;;;18008;132340001224516000;2020-05-15;10:08:42.452;;;;;;;;132000_0034386724;;;;;;EDI+EDI;;Accept;;132000;2970;;123;Departures;;;;;;;;;;;;
D01/00000D4929320006;132340001459131192;2020-05-15;10:09:05.913;application/x-bolt;24118;0523531628;132340001212516000;2020-05-15;10:08:41.252;;;;;;18007;132340001392586000;2020-05-15;10:08:59.259;;;;;;;;132000_0034386725;;;;Camera05;03;EDI+EDI;;Accept;;132000;2326;;123;Departures;;;;;;;;;;;;
D01/00000D4929380007;132340001690582096;2020-05-15;10:09:29.058;application/x-bolt;25099;0523508794;132340001443706000;2020-05-15;10:09:04.371;;;;;;18009;132340001623796000;2020-05-15;10:09:22.380;;;;;;;;132000_0034386726;;;;;;EDI+EDI;;Accept;;132000;3034;;123;Departures;;;;;;;;;;;;
D01/00000D49293F0007;132340002036637531;2020-05-15;10:10:03.664;application/x-bolt;25584;0523508795;132340001789876000;2020-05-15;10:09:38.988;;;;;;18006;132340001969936000;2020-05-15;10:09:56.994;;;;;;;;132000_0034386727;;;;;;EDI+EDI;;Accept;;132000;2362;;123;Departures;;;;;;;;;;;;
D01/00000D4929460007;132340003786620967;2020-05-15;10:12:58.662;application/x-bolt;25057;0523582376;132340003539866000;2020-05-15;10:12:33.987;;;;;;18008;132340003719946000;2020-05-15;10:12:51.995;;;;;;;;132000_0034386728;;;;;;EDI+EDI;;Accept;;132000;2295;;123;Departures;;;;;;;;;;;;
D01/00000D49294D0007;132340003841276050;2020-05-15;10:13:04.128;application/x-bolt;24447;0523508796;132340003594486000;2020-05-15;10:12:39.449;;;;;;18019;132340003774676000;2020-05-15;10:12:57.468;;;;;;;;132000_0034386729;;;;;;EDI+EDI;;Accept;;132000;2287;;123;Departures;;;;;;;;;;;;
D01/00000D4929540006;132340006123328349;2020-05-15;10:16:52.333;application/x-bolt;23944;0523551677;132340005876626000;2020-05-15;10:16:27.663;;;;;;18006;132340006056686000;2020-05-15;10:16:45.669;;;;;;;;132000_0034386730;;;;;;EDI+EDI;;Accept;;132000;2222;;123;Departures;;;;;;;;;;;;
D01/00000D49295A0006;132340006881733902;2020-05-15;10:18:08.173;application/x-bolt;23547;0523438907;132340006634986000;2020-05-15;10:17:43.499;;;;;;18007;132340006815056000;2020-05-15;10:18:01.506;;;;;;;;132000_0034386731;;;;Camera05;06;EDI+EDI;;Accept;;132000;2235;;123;Departures;;;;;;;;;;;;
D01/00000D4929600006;132340007697726958;2020-05-15;10:19:29.773;application/x-bolt;22399;0523506802;132340007450966000;2020-05-15;10:19:05.097;;;;;;18007;132340007631036000;2020-05-15;10:19:23.104;;;;;;;;132000_0034386732;;;;Camera04;08;EDI+EDI;;Accept;;132000;2318;;123;Departures;;;;;;;;;;;;
D01/00000D4929660006;132340008891001201;2020-05-15;10:21:29.100;application/x-bolt;23672;0523531630;132340008644226000;2020-05-15;10:21:04.423;;;;;;18011;132340008824336000;2020-05-15;10:21:22.434;;;;;;;;132000_0034386735;;;;Camera03;09;EDI+EDI;;Accept;;132000;2992;;123;Departures;;;;;;;;;;;;
D01/00000D49296C0006;132340008997639159;2020-05-15;10:21:39.764;application/x-bolt;23877;0523531631;132340008750806000;2020-05-15;10:21:15.081;;;;;;18007;132340008930876000;2020-05-15;10:21:33.088;;;;;;;;132000_0034386734;;;;Camera04;01;EDI+EDI;;Accept;;132000;4333;;123;Departures;;;;;;;;;;;;
D01/00000D4929720007;132340011318133171;2020-05-15;10:25:31.813;application/x-bolt;24204;0523572440;132340011071306000;2020-05-15;10:25:07.131;;;;;;18007;132340011251376000;2020-05-15;10:25:25.138;;;;;;;;132000_0034386736;;;;;;EDI+EDI;;Accept;;132000;2242;;123;Departures;;;;;;;;;;;;
D01/00000D4929790006;132340011346996976;2020-05-15;10:25:34.700;application/x-bolt;22422;0523551682;132340011100276000;2020-05-15;10:25:10.028;;;;;;18007;132340011280346000;2020-05-15;10:25:28.035;;;;;;;;132000_0034386737;;;;Camera02;07;EDI+EDI;;Accept;;132000;2250;;123;Departures;;;;;;;;;;;;
D01/00000D49297F0006;132340011429635138;2020-05-15;10:25:42.964;application/x-bolt;23987;0523437266;132340011182976000;2020-05-15;10:25:18.298;;;;;;18007;132340011363046000;2020-05-15;10:25:36.305;;;;;;;;132000_0034386738;;;;;;EDI+EDI;;Accept;;132000;2239;;123;Departures;;;;;;;;;;;;
D01/00000D4929850006;132340012023595051;2020-05-15;10:26:42.360;application/x-bolt;24126;0523583242;132340011776786000;2020-05-15;10:26:17.679;;;;;;18007;132340011956856000;2020-05-15;10:26:35.686;;;;;;;;132000_0034386739;;;;;;EDI+EDI;;Accept;;132000;2246;;123;Departures;;;;;;;;;;;;
D01/00000D49298B0007;132340012167153466;2020-05-15;10:26:56.715;application/x-bolt;24786;0523583241;132340011920426000;2020-05-15;10:26:32.043;;;;;;18009;132340012100516000;2020-05-15;10:26:50.052;;;;;;;;132000_0034386740;;;;;;EDI+EDI;;Accept;;132000;2282;;123;Departures;;;;;;;;;;;;
D01/00000D4929920007;132340013125293763;2020-05-15;10:28:32.529;application/x-bolt;25364;0523573378;132340012878486000;2020-05-15;10:28:07.849;;;;;;18007;132340013058556000;2020-05-15;10:28:25.856;;;;;;;;132000_0034386741;;;;;;EDI+EDI;;Accept;;132000;2266;;123;Departures;;;;;;;;;;;;
D01/00000D492999000A;132340014138479470;2020-05-15;10:30:13.848;application/x-bolt;38612;;132340013901586000;2020-05-15;10:29:50.159;;;;;;16946;132340014071046000;2020-05-15;10:30:07.105;;;10882;488;;Reject;2549;132000_0034386742;;;"Enrichment ""VCCLicense"" cancelled: no requester available / Enrichment ""VCCNoBSM"" cancelled: no requester available";Camera03;10;VCS+VCS;;Cancel;;132000;2274;;123;Departures;;2;Cancelled: no requester available;Cancel;13934;;;2;Cancelled: no requester available;Cancel;13942;
D01/00000D4929A30007;132340014401076068;2020-05-15;10:30:40.108;application/x-bolt;24478;0523519981;132340014154306000;2020-05-15;10:30:15.431;;;;;;18007;132340014334376000;2020-05-15;10:30:33.438;;;;;;;;132000_0034386743;;;;;;EDI+EDI;;Accept;;132000;3982;;123;Departures;;;;;;;;;;;;
D01/00000D4929AA0006;132340014711311955;2020-05-15;10:31:11.131;application/x-bolt;21273;0523586241;132340014464596000;2020-05-15;10:30:46.460;;;;;;18007;132340014644666000;2020-05-15;10:31:04.467;;;;;;;;132000_0034386745;;;;;;EDI+EDI;;Accept;;132000;2272;;123;Departures;;;;;;;;;;;;
D01/00000D4929B00007;132340015009567964;2020-05-15;10:31:40.957;application/x-bolt;24993;0523571376;132340014762746000;2020-05-15;10:31:16.275;;;;;;18010;132340014942846000;2020-05-15;10:31:34.285;;;;;;;;132000_0034386746;;;;;;EDI+EDI;;Accept;;132000;3129;;123;Departures;;;;;;;;;;;;
D01/00000D4929B70007;132340015323086564;2020-05-15;10:32:12.309;application/x-bolt;24647;0523573380;132340015076296000;2020-05-15;10:31:47.630;;;;;;18007;132340015256366000;2020-05-15;10:32:05.637;;;;;;;;132000_0034386747;;;;;;EDI+EDI;;Accept;;132000;2301;;123;Departures;;;;;;;;;;;;
D01/00000D4929BE0006;132340015641459170;2020-05-15;10:32:44.146;application/x-bolt;23332;0523572443;132340015394636000;2020-05-15;10:32:19.464;;;;;;18014;132340015574776000;2020-05-15;10:32:37.478;;;;;;;;132000_0034386748;;;;Camera06;04;EDI+EDI;;Accept;;132000;2263;;123;Departures;;;;;;;;;;;;
D01/00000D4929C40007;132340016225821166;2020-05-15;10:33:42.582;application/x-bolt;24367;0523504748;132340015979026000;2020-05-15;10:33:17.903;;;;;;18006;132340016159086000;2020-05-15;10:33:35.909;;;;;;;;132000_0034386749;;;;;;EDI+EDI;;Accept;;132000;2275;;123;Departures;;;;;;;;;;;;
D01/00000D4929CB0006;132340017437820859;2020-05-15;10:35:43.782;application/x-bolt;21137;0523542770;132340017191026000;2020-05-15;10:35:19.103;;;;;;18007;132340017371096000;2020-05-15;10:35:37.110;;;;;;;;132000_0034386750;;;;;;EDI+EDI;;Accept;;132000;2276;;123;Departures;;;;;;;;;;;;
D01/00000D4929D10006;132340021116963752;2020-05-15;10:41:51.696;application/x-bolt;23669;0523503646;132340020869166000;2020-05-15;10:41:26.917;;;;;;18008;132340021049246000;2020-05-15;10:41:44.925;;;;;;;;132000_0034386751;;;;Camera03;03;EDI+EDI;;Accept;;132000;2211;;123;Departures;;;;;;;;;;;;
D01/00000D4929D70007;132340021202002606;2020-05-15;10:42:00.200;application/x-bolt;24306;0523503647;132340020954486000;2020-05-15;10:41:35.449;;;;;;18007;132340021134556000;2020-05-15;10:41:53.456;;;;;;;;132000_0034386752;;;;;;EDI+EDI;;Accept;;132000;3964;;123;Departures;;;;;;;;;;;;
D01/00000D4929DE0006;132340021495334600;2020-05-15;10:42:29.533;application/x-bolt;23826;0523528850;132340021247616000;2020-05-15;10:42:04.762;;;;;;18008;132340021427696000;2020-05-15;10:42:22.770;;;;;;;;132000_0034386753;;;;;;EDI+EDI;;Accept;;132000;2660;;123;Departures;;;;;;;;;;;;
D01/00000D4929E40007;132340021897347373;2020-05-15;10:43:09.735;application/x-bolt;24826;0523543589;132340021648926000;2020-05-15;10:42:44.893;;;;;;18006;132340021828986000;2020-05-15;10:43:02.899;;;;;;;;132000_0034386754;;;;;;EDI+EDI;;Accept;;132000;2523;;123;Departures;;;;;;;;;;;;
D01/00000D4929EB0006;132340022085111479;2020-05-15;10:43:28.511;application/x-bolt;22571;0523563501;132340021837476000;2020-05-15;10:43:03.748;;;;;;18007;132340022017546000;2020-05-15;10:43:21.755;;;;;;;;132000_0034386755;;;;Camera05;12;EDI+EDI;;Accept;;132000;2327;;123;Departures;;;;;;;;;;;;
D01/00000D4929F10006;132340023009668784;2020-05-15;10:45:00.967;application/x-bolt;23478;0523440159;132340022761826000;2020-05-15;10:44:36.183;;;;;;18006;132340022941886000;2020-05-15;10:44:54.189;;;;;;;;132000_0034386756;;;;Camera05;09;EDI+EDI;;Accept;;132000;3230;;123;Departures;;;;;;;;;;;;
D01/00000D4929F70007;132340025265831423;2020-05-15;10:48:46.583;application/x-bolt;24557;0523561549;132340025017726000;2020-05-15;10:48:21.773;;;;;;18008;132340025197806000;2020-05-15;10:48:39.781;;;;;;;;132000_0034386757;;;;;;EDI+EDI;;Accept;;132000;2252;;123;Departures;;;;;;;;;;;;
D01/00000D4929FE0006;132340028364258645;2020-05-15;10:53:56.426;application/x-bolt;22802;0523582405;132340028116066000;2020-05-15;10:53:31.607;;;;;;18007;132340028296136000;2020-05-15;10:53:49.614;;;;;;;;132000_0034386758;;;;Camera01;09;EDI+EDI;;Accept;;132000;2222;;123;Departures;;;;;;;;;;;;
D01/00000D492A040006;132340028788166565;2020-05-15;10:54:38.817;application/x-bolt;23863;0523572449;132340028539836000;2020-05-15;10:54:13.984;;;;;;18008;132340028719916000;2020-05-15;10:54:31.992;;;;;;;;132000_0034386759;;;;;;EDI+EDI;;Accept;;132000;2247;;123;Departures;;;;;;;;;;;;
D01/00000D492A0A0006;132340028873268421;2020-05-15;10:54:47.327;application/x-bolt;21035;0523562554;132340028625186000;2020-05-15;10:54:22.519;;;;;;18007;132340028805256000;2020-05-15;10:54:40.526;;;;;;;;132000_0034386760;;;;;;EDI+EDI;;Accept;;132000;2248;;123;Departures;;;;;;;;;;;;
D01/00000D492A100007;132340029077771094;2020-05-15;10:55:07.777;application/x-bolt;25295;0523562555;132340028829546000;2020-05-15;10:54:42.955;;;;;;18006;132340029009606000;2020-05-15;10:55:00.961;;;;;;;;132000_0034386761;;;;;;EDI+EDI;;Accept;;132000;2234;;123;Departures;;;;;;;;;;;;
D01/00000D492A170006;132340029327021541;2020-05-15;10:55:32.702;application/x-bolt;23773;0523588244;132340029078926000;2020-05-15;10:55:07.893;;;;;;18006;132340029258986000;2020-05-15;10:55:25.899;;;;;;;;132000_0034386762;;;;Camera02;10;EDI+EDI;;Accept;;132000;2236;;123;Departures;;;;;;;;;;;;
D01/00000D492A1D0006;132340029383839517;2020-05-15;10:55:38.384;application/x-bolt;23813;0523571381;132340029135696000;2020-05-15;10:55:13.570;;;;;;18009;132340029315786000;2020-05-15;10:55:31.579;;;;;;;;132000_0034386763;;;;;;EDI+EDI;;Accept;;132000;2270;;123;Departures;;;;;;;;;;;;
D01/00000D492A230007;132340029610010483;2020-05-15;10:56:01.001;application/x-bolt;24464;0523532825;132340029361886000;2020-05-15;10:55:36.189;;;;;;18007;132340029541956000;2020-05-15;10:55:54.196;;;;;;;;132000_0034386764;;;;;;EDI+EDI;;Accept;;132000;3221;;123;Departures;;;;;;;;;;;;
D01/00000D492A2A0007;132340029839043862;2020-05-15;10:56:23.904;application/x-bolt;24244;0523542775;132340029590826000;2020-05-15;10:55:59.083;;;;;;18007;132340029770896000;2020-05-15;10:56:17.090;;;;;;;;132000_0034386765;;;;;;EDI+EDI;;Accept;;132000;2291;;123;Departures;;;;;;;;;;;;
D01/00000D492A310006;132340030035818034;2020-05-15;10:56:43.582;application/x-bolt;22975;0523530884;132340029787656000;2020-05-15;10:56:18.766;;;;;;18006;132340029967716000;2020-05-15;10:56:36.772;;;;;;;;132000_0034386766;;;;Camera03;05;EDI+EDI;;Accept;;132000;2304;;123;Departures;;;;;;;;;;;;
D01/00000D492A370007;132340030897033853;2020-05-15;10:58:09.703;application/x-bolt;24764;0950621791 / 0523571382;132340030648826000;2020-05-15;10:57:44.883;;;;;;18007;132340030828896000;2020-05-15;10:58:02.890;;;;;;;;132000_0034386767;;;Multiple main barcodes detected;Camera03;05;EDI+EDI;;Accept;;132000;2541;;123;Departures;;;;;;;;;;;;
D01/00000D492A3E0007;132340033381288686;2020-05-15;11:02:18.129;application/x-bolt;24367;0523582413;132340033132966000;2020-05-15;11:01:53.297;;;;;;18009;132340033313056000;2020-05-15;11:02:11.306;;;;;;;;132000_0034386768;;;;;;EDI+EDI;;Accept;;132000;2230;;123;Departures;;;;;;;;;;;;
D01/00000D492A450007;132340033490589533;2020-05-15;11:02:29.059;application/x-bolt;26789;0523563505;132340033242586000;2020-05-15;11:02:04.259;;;;;;18007;132340033422656000;2020-05-15;11:02:22.266;;;;;;;;132000_0034386769;;;;;;EDI+EDI;;Accept;;132000;2227;;123;Departures;;;;;;;;;;;;
D01/00000D492A4C0007;132340033961981342;2020-05-15;11:03:16.198;application/x-bolt;24361;0523563507;132340033713756000;2020-05-15;11:02:51.376;;;;;;18007;132340033893826000;2020-05-15;11:03:09.383;;;;;;;;132000_0034386771;;;;Camera03;07;EDI+EDI;;Accept;;132000;2251;;123;Departures;;;;;;;;;;;;
D01/00000D492A530006;132340034170374553;2020-05-15;11:03:37.037;application/x-bolt;24018;0523563506;132340033922136000;2020-05-15;11:03:12.214;;;;;;18006;132340034102196000;2020-05-15;11:03:30.220;;;;;;;;132000_0034386772;;;;;;EDI+EDI;;Accept;;132000;2256;;123;Departures;;;;;;;;;;;;
D01/00000D492A590007;132340034886780004;2020-05-15;11:04:48.678;application/x-bolt;25003;0523543591;132340034638496000;2020-05-15;11:04:23.850;;;;;;18007;132340034818566000;2020-05-15;11:04:41.857;;;;;;;;132000_0034386773;;;;;;EDI+EDI;;Accept;;132000;2263;;123;Departures;;;;;;;;;;;;
D01/00000D492A600007;132340035801019894;2020-05-15;11:06:20.102;application/x-bolt;24678;0523506813;132340035552716000;2020-05-15;11:05:55.272;;;;;;18007;132340035732786000;2020-05-15;11:06:13.279;;;;;;;;132000_0034386775;;;;;;EDI+EDI;;Accept;;132000;4143;;123;Departures;;;;;;;;;;;;
D01/00000D492A670006;132340036029169522;2020-05-15;11:06:42.917;application/x-bolt;21247;0523588251;132340035781036000;2020-05-15;11:06:18.104;;;;;;18007;132340035961106000;2020-05-15;11:06:36.111;;;;;;;;132000_0034386778;;;;;;EDI+EDI;;Accept;;132000;2271;;123;Departures;;;;;;;;;;;;
D01/00000D492A6D0007;132340036117873251;2020-05-15;11:06:51.787;application/x-bolt;24815;0523574407;132340035869676000;2020-05-15;11:06:26.968;;;;;;18007;132340036049746000;2020-05-15;11:06:44.975;;;;;;;;132000_0034386777;;;;;;EDI+EDI;;Accept;;132000;2275;;123;Departures;;;;;;;;;;;;
D01/00000D492A740006;132340037587574821;2020-05-15;11:09:18.757;application/x-bolt;23923;0523551695;132340037339316000;2020-05-15;11:08:53.932;;;;;;18007;132340037519386000;2020-05-15;11:09:11.939;;;;;;;;132000_0034386779;;;;Camera03;03;EDI+EDI;;Accept;;132000;2252;;123;Departures;;;;;;;;;;;;
D01/00000D492A7A0007;132340037853435798;2020-05-15;11:09:45.344;application/x-bolt;24273;0523552534;132340037605146000;2020-05-15;11:09:20.515;;;;;;18007;132340037785216000;2020-05-15;11:09:38.522;;;;;;;;132000_0034386780;;;;;;EDI+EDI;;Accept;;132000;2275;;123;Departures;;;;;;;;;;;;
D01/00000D492A810006;132340038017812423;2020-05-15;11:10:01.781;application/x-bolt;22397;0523530899;132340037769626000;2020-05-15;11:09:36.963;;;;;;18006;132340037949686000;2020-05-15;11:09:54.969;;;;;;;;132000_0034386781;;;;Camera04;08;EDI+EDI;;Accept;;132000;2444;;123;Departures;;;;;;;;;;;;
D01/00000D492A870006;132340038355162816;2020-05-15;11:10:35.516;application/x-bolt;23346;0523520775;132340038106826000;2020-05-15;11:10:10.683;;;;;;18007;132340038286896000;2020-05-15;11:10:28.690;;;;;;;;132000_0034386782;;;;Camera05;10;EDI+EDI;;Accept;;132000;2288;;123;Departures;;;;;;;;;;;;
D01/00000D492A8D0006;132340038475532862;2020-05-15;11:10:47.553;application/x-bolt;22783;0523406182;132340038227276000;2020-05-15;11:10:22.728;;;;;;18006;132340038407336000;2020-05-15;11:10:40.734;;;;;;;;132000_0034386783;;;;Camera04;03;EDI+EDI;;Accept;;132000;2290;;123;Departures;;;;;;;;;;;;
D01/00000D492A930006;132340038790544694;2020-05-15;11:11:19.054;application/x-bolt;22588;0523406183;132340038542136000;2020-05-15;11:10:54.214;;;;;;18007;132340038722206000;2020-05-15;11:11:12.221;;;;;;;;132000_0034386784;;;;Camera02;15;EDI+EDI;;Accept;;132000;2301;;123;Departures;;;;;;;;;;;;
D01/00000D492A990007;132340040326651461;2020-05-15;11:13:52.665;application/x-bolt;24305;0523587253;132340040078546000;2020-05-15;11:13:27.855;;;;;;18007;132340040258616000;2020-05-15;11:13:45.862;;;;;;;;132000_0034386785;;;;Camera05;01;EDI+EDI;;Accept;;132000;2275;;123;Departures;;;;;;;;;;;;
D01/00000D492AA00007;132340040548956231;2020-05-15;11:14:14.896;application/x-bolt;25631;0523529914;132340040300556000;2020-05-15;11:13:50.056;;;;;;18007;132340040480626000;2020-05-15;11:14:08.063;;;;;;;;132000_0034386786;;;;;;EDI+EDI;;Accept;;132000;2287;;123;Departures;;;;;;;;;;;;
D01/00000D492AA70007;132340042875309822;2020-05-15;11:18:07.531;application/x-bolt;24670;0523543594;132340042626996000;2020-05-15;11:17:42.700;;;;;;18007;132340042807066000;2020-05-15;11:18:00.707;;;;;;;;132000_0034386788;;;;;;EDI+EDI;;Accept;;132000;2233;;123;Departures;;;;;;;;;;;;
D01/00000D492AAE0007;132340044434665907;2020-05-15;11:20:43.467;application/x-bolt;26272;0523507864;132340044186316000;2020-05-15;11:20:18.632;;;;;;18006;132340044366376000;2020-05-15;11:20:36.638;;;;;;;;132000_0034386789;;;;;;EDI+EDI;;Accept;;132000;2241;;123;Departures;;;;;;;;;;;;
D01/00000D492AB50006;132340044497518152;2020-05-15;11:20:49.752;application/x-bolt;23072;0523507863 / 0950717851;132340044249136000;2020-05-15;11:20:24.914;;;;;;18007;132340044429206000;2020-05-15;11:20:42.921;;;;;;;;132000_0034386790;;;Multiple main barcodes detected;Camera04;03;EDI+EDI;;Accept;;132000;2495;;123;Departures;;;;;;;;;;;;
D01/00000D492ABB0007;132340044737527638;2020-05-15;11:21:13.753;application/x-bolt;26463;0523572468;132340044489166000;2020-05-15;11:20:48.917;;;;;;18006;132340044669226000;2020-05-15;11:21:06.923;;;;;;;;132000_0034386791;;;;;;EDI+EDI;;Accept;;132000;2257;;123;Departures;;;;;;;;;;;;
D01/00000D492AC20007;132340050281745823;2020-05-15;11:30:28.175;application/x-bolt;24449;0523408896;132340050032336000;2020-05-15;11:30:03.234;;;;;;18118;132340050213516000;2020-05-15;11:30:21.352;;;;;;;;132000_0034386792;;;;;;EDI+EDI;;Accept;;132000;2244;;123;Departures;;;;;;;;;;;;
D01/00000D492AC90007;132340050439286763;2020-05-15;11:30:43.929;application/x-bolt;27898;0523408895;132340050190956000;2020-05-15;11:30:19.096;;;;;;18007;132340050371026000;2020-05-15;11:30:37.103;;;;;;;;132000_0034386793;;;;;;EDI+EDI;;Accept;;132000;2229;;123;Departures;;;;;;;;;;;;
D01/00000D492AD00006;132340056125789280;2020-05-15;11:40:12.579;application/x-bolt;23524;0523551700;132340055877736000;2020-05-15;11:39:47.774;;;;;;18007;132340056057806000;2020-05-15;11:40:05.781;;;;;;;;132000_0034386794;;;;Camera05;03;EDI+EDI;;Accept;;132000;2203;;123;Departures;;;;;;;;;;;;
D01/00000D492AD60006;132340056344857981;2020-05-15;11:40:34.486;application/x-bolt;23060;0523408101;132340056096856000;2020-05-15;11:40:09.686;;;;;;18007;132340056276926000;2020-05-15;11:40:27.693;;;;;;;;132000_0034386795;;;;Camera06;04;EDI+EDI;;Accept;;132000;2237;;123;Departures;;;;;;;;;;;;
D01/00000D492ADC0007;132340056725639062;2020-05-15;11:41:12.564;application/x-bolt;24772;0523506818;132340056477706000;2020-05-15;11:40:47.771;;;;;;18008;132340056657786000;2020-05-15;11:41:05.779;;;;;;;;132000_0034386796;;;;;;EDI+EDI;;Accept;;132000;2212;;123;Departures;;;;;;;;;;;;
D01/00000D492AE30006;132340058742601865;2020-05-15;11:44:34.260;application/x-bolt;21185;0523553494;132340058494916000;2020-05-15;11:44:09.492;;;;;;18008;132340058674996000;2020-05-15;11:44:27.500;;;;;;;;132000_0034386797;;;;;;EDI+EDI;;Accept;;132000;2239;;123;Departures;;;;;;;;;;;;
D01/00000D492AE90006;132340082513464474;2020-05-15;12:24:11.346;application/x-bolt;23610;0546233385;132340082247246000;2020-05-15;12:23:44.725;;;;;;18008;132340082427326000;2020-05-15;12:24:02.733;;;;;;;;131800_0034386798;;;;Camera03;03;EDI+EDI;;Accept;;131800;4698;;123;Departures;;;;;;;;;;;;
D01/00000D492AEF0006;132340082733515976;2020-05-15;12:24:33.352;application/x-bolt;23195;0546233386;132340082467326000;2020-05-15;12:24:06.733;;;;;;18006;132340082647386000;2020-05-15;12:24:24.739;;;;;;;;131800_0034386799;;;;Camera03;11;EDI+EDI;;Accept;;131800;2679;;123;Departures;;;;;;;;;;;;
D01/00000D492AF50007;132340083384152638;2020-05-15;12:25:38.415;application/x-bolt;25342;0950728260;132340083104090000;2020-05-15;12:25:10.409;;;;;;18007;132340083284160000;2020-05-15;12:25:28.416;;;;;;;;131900_0034386803;;;;Camera02;08;EDI+EDI;;Accept;;131900;2387;;123;Departures;;;;;;;;;;;;
D01/00000D492AFC0006;132340083397733842;2020-05-15;12:25:39.773;application/x-bolt;21036;0546233388;132340083131536000;2020-05-15;12:25:13.154;;;;;;18007;132340083311606000;2020-05-15;12:25:31.161;;;;;;;;131800_0034386801;;;;;;EDI+EDI;;Accept;;131800;2227;;123;Departures;;;;;;;;;;;;
D01/00000D492B020007;132340083452639126;2020-05-15;12:25:45.264;application/x-bolt;24309;0546233387;132340083186516000;2020-05-15;12:25:18.652;;;;;;18006;132340083366576000;2020-05-15;12:25:36.658;;;;;;;;131800_0034386802;;;;;;EDI+EDI;;Accept;;131800;2234;;123;Departures;;;;;;;;;;;;
D01/00000D492B090007;132340083570366234;2020-05-15;12:25:57.037;application/x-bolt;25577;0546233390;132340083304186000;2020-05-15;12:25:30.419;;;;;;18007;132340083484256000;2020-05-15;12:25:48.426;;;;;;;;131800_0034386804;;;;;;EDI+EDI;;Accept;;131800;2265;;123;Departures;;;;;;;;;;;;
D01/00000D492B100006;132340083622999645;2020-05-15;12:26:02.300;application/x-bolt;21225;0546233391;132340083356926000;2020-05-15;12:25:35.693;;;;;;18007;132340083536996000;2020-05-15;12:25:53.700;;;;;;;;131800_0034386805;;;;;;EDI+EDI;;Accept;;131800;2243;;123;Departures;;;;;;;;;;;;
D01/00000D492B160007;132340083701444350;2020-05-15;12:26:10.144;application/x-bolt;25883;0950728261;132340083421250000;2020-05-15;12:25:42.125;;;;;;18007;132340083601320000;2020-05-15;12:26:00.132;;;;;;;;131900_0034386807;;;;;;EDI+EDI;;Accept;;131900;2421;;123;Departures;;;;;;;;;;;;
D01/00000D492B1D0006;132340083880311885;2020-05-15;12:26:28.031;application/x-bolt;22559;0546233389;132340083614106000;2020-05-15;12:26:01.411;;;;;;18007;132340083794176000;2020-05-15;12:26:19.418;;;;;;;;131800_0034386806;;;;Camera03;04;EDI+EDI;;Accept;;131800;2268;;123;Departures;;;;;;;;;;;;
D01/00000D492B230007;132340083985478632;2020-05-15;12:26:38.548;application/x-bolt;25905;0546233392;132340083719236000;2020-05-15;12:26:11.924;;;;;;18007;132340083899306000;2020-05-15;12:26:29.931;;;;;;;;131800_0034386808;;;;;;EDI+EDI;;Accept;;131800;2272;;123;Departures;;;;;;;;;;;;
D01/00000D492B2A0006;132340084232932736;2020-05-15;12:27:03.293;application/x-bolt;21225;0546233393;132340083966756000;2020-05-15;12:26:36.676;;;;;;18007;132340084146826000;2020-05-15;12:26:54.683;;;;;;;;131800_0034386809;;;;;;EDI+EDI;;Accept;;131800;2300;;123;Departures;;;;;;;;;;;;
D01/00000D492B300008;132340084466245183;2020-05-15;12:27:26.625;application/x-bolt;28383;0950728262;132340084185980000;2020-05-15;12:26:58.598;;;;;;18008;132340084366060000;2020-05-15;12:27:16.606;;;;;;;;131900_0034386810;;;;;;EDI+EDI;;Accept;;131900;2451;;123;Departures;;;;;;;;;;;;
D01/00000D492B380007;132340084585343416;2020-05-15;12:27:38.534;application/x-bolt;25589;0950728263;132340084305180000;2020-05-15;12:27:10.518;;;;;;18008;132340084485260000;2020-05-15;12:27:28.526;;;;;;;;131900_0034386811;;;;;;EDI+EDI;;Accept;;131900;2424;;123;Departures;;;;;;;;;;;;
D01/00000D492B3F0007;132340084969620376;2020-05-15;12:28:16.962;application/x-bolt;24500;0546233394;132340084703266000;2020-05-15;12:27:50.327;;;;;;18008;132340084883346000;2020-05-15;12:28:08.335;;;;;;;;131800_0034386812;;;;;;EDI+EDI;;Accept;;131800;2302;;123;Departures;;;;;;;;;;;;
D01/00000D492B460006;132340085024735840;2020-05-15;12:28:22.474;application/x-bolt;24051;0546233395;132340084758606000;2020-05-15;12:27:55.861;;;;;;18006;132340084938666000;2020-05-15;12:28:13.867;;;;;;;;131800_0034386813;;;;Camera02;10;EDI+EDI;;Accept;;131800;2287;;123;Departures;;;;;;;;;;;;
D01/00000D492B4C0006;132340085387765276;2020-05-15;12:28:58.777;application/x-bolt;23423;0546233398;132340085121526000;2020-05-15;12:28:32.153;;;;;;18007;132340085301596000;2020-05-15;12:28:50.160;;;;;;;;131800_0034386814;;;;Camera05;01;EDI+EDI;;Accept;;131800;2319;;123;Departures;;;;;;;;;;;;
D01/00000D492B520006;132340085436885790;2020-05-15;12:29:03.689;application/x-bolt;23702;0546233396;132340085170676000;2020-05-15;12:28:37.068;;;;;;18008;132340085350756000;2020-05-15;12:28:55.076;;;;;;;;131800_0034386815;;;;Camera04;03;EDI+EDI;;Accept;;131800;2327;;123;Departures;;;;;;;;;;;;
D01/00000D492B580006;132340085498456575;2020-05-15;12:29:09.846;application/x-bolt;23480;0546233397;132340085232266000;2020-05-15;12:28:43.227;;;;;;18006;132340085412326000;2020-05-15;12:29:01.233;;;;;;;;131800_0034386816;;;;Camera03;03;EDI+EDI;;Accept;;131800;2364;;123;Departures;;;;;;;;;;;;
D01/00000D492B5E0007;132340085858503552;2020-05-15;12:29:45.850;application/x-bolt;24168;0950728265;132340085578270000;2020-05-15;12:29:17.827;;;;;;18008;132340085758350000;2020-05-15;12:29:35.835;;;;;;;;131900_0034386817;;;;Camera06;06;EDI+EDI;;Accept;;131900;2456;;123;Departures;;;;;;;;;;;;
D01/00000D492B650006;132340086262266588;2020-05-15;12:30:26.227;application/x-bolt;23973;0950728267;132340085981950000;2020-05-15;12:29:58.195;;;;;;18007;132340086162020000;2020-05-15;12:30:16.202;;;;;;;;131900_0034386821;;;;Camera06;06;EDI+EDI;;Accept;;131900;2462;;123;Departures;;;;;;;;;;;;
D01/00000D492B6B0007;132340086292031144;2020-05-15;12:30:29.203;application/x-bolt;24556;0950728266;132340086011880000;2020-05-15;12:30:01.188;;;;;;18008;132340086191960000;2020-05-15;12:30:19.196;;;;;;;;131900_0034386822;;;;;;EDI+EDI;;Accept;;131900;2465;;123;Departures;;;;;;;;;;;;
D01/00000D492B72000A;132340086311357078;2020-05-15;12:30:31.136;application/x-bolt;36607;;132340086070406000;2020-05-15;12:30:07.041;MRA - 8U2025;MRA;2020-05-15;8U2025;;15409;132340086224496000;2020-05-15;12:30:22.450;;;9668;83;;Partial;2641;131800_0034386818;8U_2025_DFR1505;;"Enrichment ""VCCLicense"" cancelled: no requester available";Camera04;03;VCS+OCR;;Accept;;131800;2374;;123;Departures;;2;Cancelled: no requester available;Cancel;12404;;;;;;;
D01/00000D492B7C0006;132340086478645065;2020-05-15;12:30:47.865;application/x-bolt;22802;0546233399;132340086212436000;2020-05-15;12:30:21.244;;;;;;18006;132340086392496000;2020-05-15;12:30:39.250;;;;;;;;131800_0034386819;;;;Camera04;13;EDI+EDI;;Accept;;131800;2343;;123;Departures;;;;;;;;;;;;
D01/00000D492B820006;132340086556128972;2020-05-15;12:30:55.613;application/x-bolt;23579;0546233400;132340086289936000;2020-05-15;12:30:28.994;;;;;;18006;132340086469996000;2020-05-15;12:30:47.000;;;;;;;;131800_0034386820;;;;Camera05;03;EDI+EDI;;Accept;;131800;4421;;123;Departures;;;;;;;;;;;;
D01/00000D492B880007;132340086691020236;2020-05-15;12:31:09.102;application/x-bolt;27750;0950728268;132340086410720000;2020-05-15;12:30:41.072;;;;;;18008;132340086590800000;2020-05-15;12:30:59.080;;;;;;;;131900_0034386823;;;;;;EDI+EDI;;Accept;;131900;2473;;123;Departures;;;;;;;;;;;;
D01/00000D492B8F0006;132340087359211381;2020-05-15;12:32:15.921;application/x-bolt;23577;0546233403;132340087092946000;2020-05-15;12:31:49.295;;;;;;18008;132340087273026000;2020-05-15;12:32:07.303;;;;;;;;131800_0034386824;;;;Camera04;03;EDI+EDI;;Accept;;131800;2339;;123;Departures;;;;;;;;;;;;
D01/00000D492B950006;132340087384071884;2020-05-15;12:32:18.407;application/x-bolt;23736;0546233404;132340087117806000;2020-05-15;12:31:51.781;;;;;;18007;132340087297876000;2020-05-15;12:32:09.788;;;;;;;;131800_0034386825;;;;Camera06;03;EDI+EDI;;Accept;;131800;2320;;123;Departures;;;;;;;;;;;;
D01/00000D492B9B0006;132340087478719952;2020-05-15;12:32:27.872;application/x-bolt;23378;0546233402;132340087212526000;2020-05-15;12:32:01.253;;;;;;18008;132340087392606000;2020-05-15;12:32:19.261;;;;;;;;131800_0034386826;;;;Camera04;01;EDI+EDI;;Accept;;131800;2351;;123;Departures;;;;;;;;;;;;
D01/00000D492BA10007;132340087522145773;2020-05-15;12:32:32.215;application/x-bolt;24500;0546233405;132340087255866000;2020-05-15;12:32:05.587;;;;;;18009;132340087435956000;2020-05-15;12:32:23.596;;;;;;;;131800_0034386827;;;;;;EDI+EDI;;Accept;;131800;2307;;123;Departures;;;;;;;;;;;;
D01/00000D492BA80006;132340087639672709;2020-05-15;12:32:43.967;application/x-bolt;22446;0950728264;132340087359510000;2020-05-15;12:32:15.951;;;;;;18008;132340087539590000;2020-05-15;12:32:33.959;;;;;;;;131900_0034386828;;;;;;EDI+EDI;;Accept;;131900;2489;;123;Departures;;;;;;;;;;;;
D01/00000D492BAE0007;132340088110771284;2020-05-15;12:33:31.077;application/x-bolt;25122;0950728269;132340087830510000;2020-05-15;12:33:03.051;;;;;;18008;132340088010590000;2020-05-15;12:33:21.059;;;;;;;;131900_0034386831;;;;Camera06;03;EDI+EDI;;Accept;;131900;4609;;123;Departures;;;;;;;;;;;;
D01/00000D492BB50006;132340088353971885;2020-05-15;12:33:55.397;application/x-bolt;24005;0546233407;132340088087536000;2020-05-15;12:33:28.754;;;;;;18006;132340088267596000;2020-05-15;12:33:46.760;;;;;;;;131800_0034386829;;;;;;EDI+EDI;;Accept;;131800;2322;;123;Departures;;;;;;;;;;;;
D01/00000D492BBB0007;132340088402722097;2020-05-15;12:34:00.272;application/x-bolt;24413;0546233408;132340088136446000;2020-05-15;12:33:33.645;;;;;;18006;132340088316506000;2020-05-15;12:33:51.651;;;;;;;;131800_0034386830;;;;;;EDI+EDI;;Accept;;131800;2339;;123;Departures;;;;;;;;;;;;
D01/00000D492BC20007;132340088655470572;2020-05-15;12:34:25.547;application/x-bolt;25248;0546233409;132340088389096000;2020-05-15;12:33:58.910;;;;;;18008;132340088569176000;2020-05-15;12:34:16.918;;;;;;;;131800_0034386833;;;;;;EDI+EDI;;Accept;;131800;2319;;123;Departures;;;;;;;;;;;;
D01/00000D492BC90006;132340088682172594;2020-05-15;12:34:28.217;application/x-bolt;23924;0950728270 / 0950728272 / 5546554808;132340088401770000;2020-05-15;12:34:00.177;;;;;;18009;132340088581860000;2020-05-15;12:34:18.186;;;;;;;;131900_0034386834;;;Multiple main barcodes detected;;;EDI+EDI;;Accept;;131900;2496;;123;Departures;;;;;;;;;;;;
D01/00000D492BCF0007;132340088710205716;2020-05-15;12:34:31.021;application/x-bolt;25950;0950728274;132340088429980000;2020-05-15;12:34:02.998;;;;;;18007;132340088610050000;2020-05-15;12:34:21.005;;;;;;;;131900_0034386837;;;;;;EDI+EDI;;Accept;;131900;2499;;123;Departures;;;;;;;;;;;;
D01/00000D492BD60007;132340088743673321;2020-05-15;12:34:34.367;application/x-bolt;25097;0950728271;132340088463450000;2020-05-15;12:34:06.345;;;;;;18008;132340088643530000;2020-05-15;12:34:24.353;;;;;;;;131900_0034386835;;;;Camera05;08;EDI+EDI;;Accept;;131900;2497;;123;Departures;;;;;;;;;;;;
D01/00000D492BDD0006;132340088784206753;2020-05-15;12:34:38.421;application/x-bolt;22553;0950728273;132340088503960000;2020-05-15;12:34:10.396;;;;;;18008;132340088684040000;2020-05-15;12:34:28.404;;;;;;;;131900_0034386840;;;;;;EDI+EDI;;Accept;;131900;2524;;123;Departures;;;;;;;;;;;;
D01/00000D492BE30007;132340089008081415;2020-05-15;12:35:00.808;application/x-bolt;24947;0546233410;132340088741706000;2020-05-15;12:34:34.171;;;;;;18007;132340088921776000;2020-05-15;12:34:52.178;;;;;;;;131800_0034386836;;;;;;EDI+EDI;;Accept;;131800;2313;;123;Departures;;;;;;;;;;;;
D01/00000D492BEA0007;132340089896957607;2020-05-15;12:36:29.696;application/x-bolt;25390;0546233413 / 7946233413;132340089630566000;2020-05-15;12:36:03.057;;;;;;18006;132340089810626000;2020-05-15;12:36:21.063;;;;;;;;131800_0034386843;;;Multiple main barcodes detected;;;EDI+EDI;;Accept;;131800;2328;;123;Departures;;;;;;;;;;;;
D01/00000D492BF10007;132340089957704813;2020-05-15;12:36:35.770;application/x-bolt;24667;0546233411;132340089690806000;2020-05-15;12:36:09.081;;;;;;18071;132340089871516000;2020-05-15;12:36:27.152;;;;;;;;131800_0034386842;;;;;;EDI+EDI;;Accept;;131800;2299;;123;Departures;;;;;;;;;;;;
D01/00000D492BF80006;132340090186387797;2020-05-15;12:36:58.639;application/x-bolt;23727;0546233414;132340089919926000;2020-05-15;12:36:31.993;;;;;;18006;132340090099986000;2020-05-15;12:36:49.999;;;;;;;;131800_0034386844;;;;;;EDI+EDI;;Accept;;131800;2304;;123;Departures;;;;;;;;;;;;
D01/00000D492BFE0007;132340090215820355;2020-05-15;12:37:01.582;application/x-bolt;24642;0546233415 / 0368479524;132340089949466000;2020-05-15;12:36:34.947;;;;;;18006;132340090129526000;2020-05-15;12:36:52.953;;;;;;;;131800_0034386845;;;Multiple main barcodes detected;;;EDI+EDI;;Accept;;131800;2333;;123;Departures;;;;;;;;;;;;
D01/00000D492C050007;132340090880745948;2020-05-15;12:38:08.075;application/x-bolt;24164;0235975428;132340090600170000;2020-05-15;12:37:40.017;;;;;;18008;132340090780250000;2020-05-15;12:37:58.025;;;;;;;;131900_0034386846;;;;Camera05;10;EDI+EDI;;Accept;;131900;2462;;123;Departures;;;;;;;;;;;;
D01/00000D492C0C0007;132340091087024145;2020-05-15;12:38:28.702;application/x-bolt;24848;0546233416;132340090820296000;2020-05-15;12:38:02.030;;;;;;18007;132340091000366000;2020-05-15;12:38:20.037;;;;;;;;131800_0034386847;;;;;;EDI+EDI;;Accept;;131800;2314;;123;Departures;;;;;;;;;;;;
D01/00000D492C130007;132340091145999391;2020-05-15;12:38:34.600;application/x-bolt;24666;0950728275;132340090865200000;2020-05-15;12:38:06.520;;;;;;18013;132340091045330000;2020-05-15;12:38:24.533;;;;;;;;131900_0034386851;;;;;;EDI+EDI;;Accept;;131900;2468;;123;Departures;;;;;;;;;;;;
D01/00000D492C1A0007;132340091302552578;2020-05-15;12:38:50.255;application/x-bolt;24632;0235975430;132340091021830000;2020-05-15;12:38:22.183;;;;;;18008;132340091201910000;2020-05-15;12:38:40.191;;;;;;;;131900_0034386849;;;;;;EDI+EDI;;Accept;;131900;2474;;123;Departures;;;;;;;;;;;;
D01/00000D492C210007;132340091346010656;2020-05-15;12:38:54.601;application/x-bolt;25247;0950728276;132340091065390000;2020-05-15;12:38:26.539;;;;;;18008;132340091245470000;2020-05-15;12:38:44.547;;;;;;;;131900_0034386852;;;;;;EDI+EDI;;Accept;;131900;2494;;123;Departures;;;;;;;;;;;;
D01/00000D492C280007;132340091378626742;2020-05-15;12:38:57.863;application/x-bolt;24543;0950728277;132340091097960000;2020-05-15;12:38:29.796;;;;;;18008;132340091278040000;2020-05-15;12:38:47.804;;;;;;;;131900_0034386853;;;;;;EDI+EDI;;Accept;;131900;2512;;123;Departures;;;;;;;;;;;;
D01/00000D492C2F0007;132340091463800980;2020-05-15;12:39:06.380;application/x-bolt;25069;0546233417;132340091197046000;2020-05-15;12:38:39.705;;;;;;18007;132340091377116000;2020-05-15;12:38:57.712;;;;;;;;131800_0034386848;;;;Camera05;01;EDI+EDI;;Accept;;131800;2289;;123;Departures;;;;;;;;;;;;
D01/00000D492C360006;132340091514256784;2020-05-15;12:39:11.426;application/x-bolt;23454;0546233418;132340091247526000;2020-05-15;12:38:44.753;;;;;;18007;132340091427596000;2020-05-15;12:39:02.760;;;;;;;;131800_0034386850;;;;Camera02;08;EDI+EDI;;Accept;;131800;2292;;123;Departures;;;;;;;;;;;;
D01/00000D492C3C0007;132340091727732949;2020-05-15;12:39:32.773;application/x-bolt;24204;0950728279;132340091446870000;2020-05-15;12:39:04.687;;;;;;18008;132340091626950000;2020-05-15;12:39:22.695;;;;;;;;131900_0034386858;;;;Camera06;06;EDI+EDI;;Accept;;131900;2967;;123;Departures;;;;;;;;;;;;
D01/00000D492C430007;132340091786377825;2020-05-15;12:39:38.638;application/x-bolt;25584;0950728278;132340091505540000;2020-05-15;12:39:10.554;;;;;;18008;132340091685620000;2020-05-15;12:39:28.562;;;;;;;;131900_0034386862;;;;;;EDI+EDI;;Accept;;131900;2492;;123;Departures;;;;;;;;;;;;
D01/00000D492C4A0007;132340091803116343;2020-05-15;12:39:40.312;application/x-bolt;24774;0546233419;132340091536316000;2020-05-15;12:39:13.632;;;;;;18007;132340091716386000;2020-05-15;12:39:31.639;;;;;;;;131800_0034386854;;;;;;EDI+EDI;;Accept;;131800;2290;;123;Departures;;;;;;;;;;;;
D01/00000D492C510007;132340091839246312;2020-05-15;12:39:43.925;application/x-bolt;26599;0235975431;132340091558330000;2020-05-15;12:39:15.833;;;;;;18008;132340091738410000;2020-05-15;12:39:33.841;;;;;;;;131900_0034386856;;;;;;EDI+EDI;;Accept;;131900;2508;;123;Departures;;;;;;;;;;;;
D01/00000D492C580007;132340091859288483;2020-05-15;12:39:45.929;application/x-bolt;25500;0546233420;132340091592506000;2020-05-15;12:39:19.251;;;;;;18006;132340091772566000;2020-05-15;12:39:37.257;;;;;;;;131800_0034386855;;;;;;EDI+EDI;;Accept;;131800;2290;;123;Departures;;;;;;;;;;;;
D01/00000D492C5F0007;132340091893816680;2020-05-15;12:39:49.382;application/x-bolt;25890;0950728280;132340091613150000;2020-05-15;12:39:21.315;;;;;;18008;132340091793230000;2020-05-15;12:39:39.323;;;;;;;;131900_0034386859;;;;;;EDI+EDI;;Accept;;131900;2570;;123;Departures;;;;;;;;;;;;
D01/00000D492C660006;132340092243213210;2020-05-15;12:40:24.321;application/x-bolt;23066;0546233421;132340091976216000;2020-05-15;12:39:57.622;;;;;;18007;132340092156286000;2020-05-15;12:40:15.629;;;;;;;;131800_0034386860;;;;Camera04;03;EDI+EDI;;Accept;;131800;2316;;123;Departures;;;;;;;;;;;;
D01/00000D492C6C0006;132340092319687812;2020-05-15;12:40:31.969;application/x-bolt;24039;0546233422;132340092052656000;2020-05-15;12:40:05.266;;;;;;18006;132340092232716000;2020-05-15;12:40:23.272;;;;;;;;131800_0034386861;;;;Camera03;09;EDI+EDI;;Accept;;131800;4149;;123;Departures;;;;;;;;;;;;
D01/00000D492C720007;132340092381285956;2020-05-15;12:40:38.129;application/x-bolt;26512;0950728281;132340092100270000;2020-05-15;12:40:10.027;;;;;;18008;132340092280350000;2020-05-15;12:40:28.035;;;;;;;;131900_0034386866;;;;;;EDI+EDI;;Accept;;131900;2528;;123;Departures;;;;;;;;;;;;
D01/00000D492C790007;132340092454918793;2020-05-15;12:40:45.492;application/x-bolt;25224;0546233423;132340092187976000;2020-05-15;12:40:18.798;;;;;;18006;132340092368036000;2020-05-15;12:40:36.804;;;;;;;;131800_0034386863;;;;;;EDI+EDI;;Accept;;131800;2335;;123;Departures;;;;;;;;;;;;
D01/00000D492C800008;132340092498235333;2020-05-15;12:40:49.824;application/x-bolt;28457;0235975433;132340092217150000;2020-05-15;12:40:21.715;;;;;;18008;132340092397230000;2020-05-15;12:40:39.723;;;;;;;;131900_0034386865;;;;;;EDI+EDI;;Accept;;131900;2543;;123;Departures;;;;;;;;;;;;
D01/00000D492C880006;132340092512270859;2020-05-15;12:40:51.227;application/x-bolt;23990;0546233424;132340092245316000;2020-05-15;12:40:24.532;;;;;;18007;132340092425386000;2020-05-15;12:40:42.539;;;;;;;;131800_0034386864;;;;Camera06;05;EDI+EDI;;Accept;;131800;2300;;123;Departures;;;;;;;;;;;;
D01/00000D492C8E0007;132340092696014133;2020-05-15;12:41:09.601;application/x-bolt;25471;0950728282;132340092415000000;2020-05-15;12:40:41.500;;;;;;18009;132340092595090000;2020-05-15;12:40:59.509;;;;;;;;131900_0034386869;;;;;;EDI+EDI;;Accept;;131900;2543;;123;Departures;;;;;;;;;;;;
D01/00000D492C950007;132340092746339810;2020-05-15;12:41:14.634;application/x-bolt;24449;0546233425;132340092479156000;2020-05-15;12:40:47.916;;;;;;18008;132340092659236000;2020-05-15;12:41:05.924;;;;;;;;131800_0034386867;;;;;;EDI+EDI;;Accept;;131800;2367;;123;Departures;;;;;;;;;;;;
D01/00000D492C9C0006;132340092862378176;2020-05-15;12:41:26.238;application/x-bolt;23123;0546233426;132340092595316000;2020-05-15;12:40:59.532;;;;;;18007;132340092775386000;2020-05-15;12:41:17.539;;;;;;;;131800_0034386868;;;;Camera04;03;EDI+EDI;;Accept;;131800;2353;;123;Departures;;;;;;;;;;;;
D01/00000D492CA20007;132340092882019904;2020-05-15;12:41:28.202;application/x-bolt;24474;0235975435;132340092600710000;2020-05-15;12:41:00.071;;;;;;18016;132340092780870000;2020-05-15;12:41:18.087;;;;;;;;131900_0034386870;;;;Camera06;06;EDI+EDI;;Accept;;131900;2552;;123;Departures;;;;;;;;;;;;
D01/00000D492CA90006;132340092908245251;2020-05-15;12:41:30.825;application/x-bolt;22310;0950728283;132340092627100000;2020-05-15;12:41:02.710;;;;;;18008;132340092807180000;2020-05-15;12:41:20.718;;;;;;;;131900_0034386871;;;;;;EDI+EDI;;Accept;;131900;2553;;123;Departures;;;;;;;;;;;;
D01/00000D492CAF0007;132340093052750163;2020-05-15;12:41:45.275;application/x-bolt;26797;0235975432;132340092771530000;2020-05-15;12:41:17.153;;;;;;18009;132340092951620000;2020-05-15;12:41:35.162;;;;;;;;131900_0034386877;;;;;;EDI+EDI;;Accept;;131900;2565;;123;Departures;;;;;;;;;;;;
D01/00000D492CB60006;132340093080716271;2020-05-15;12:41:48.072;application/x-bolt;24011;0950728284;132340092799610000;2020-05-15;12:41:19.961;;;;;;18008;132340092979690000;2020-05-15;12:41:37.969;;;;;;;;131900_0034386874;;;;Camera05;10;EDI+EDI;;Accept;;131900;2596;;123;Departures;;;;;;;;;;;;
D01/00000D492CBC0007;132340093174463790;2020-05-15;12:41:57.446;application/x-bolt;24615;0235975434;132340092892690000;2020-05-15;12:41:29.269;;;;;;18063;132340093073320000;2020-05-15;12:41:47.332;;;;;;;;131900_0034386875;;;;Camera06;04;EDI+EDI;;Accept;;131900;2603;;123;Departures;;;;;;;;;;;;
D01/00000D492CC30007;132340093313803878;2020-05-15;12:42:11.380;application/x-bolt;26461;0235975436;132340093032530000;2020-05-15;12:41:43.253;;;;;;18008;132340093212610000;2020-05-15;12:42:01.261;;;;;;;;131900_0034386873;;;;;;EDI+EDI;;Accept;;131900;4392;;123;Departures;;;;;;;;;;;;
D01/00000D492CCA0007;132340093380716349;2020-05-15;12:42:18.072;application/x-bolt;25702;0950728285;132340093099510000;2020-05-15;12:41:49.951;;;;;;18008;132340093279590000;2020-05-15;12:42:07.959;;;;;;;;131900_0034386878;;;;;;EDI+EDI;;Accept;;131900;2591;;123;Departures;;;;;;;;;;;;
D01/00000D492CD10007;132340093517844375;2020-05-15;12:42:31.784;application/x-bolt;25279;0235975437;132340093236620000;2020-05-15;12:42:03.662;;;;;;18007;132340093416690000;2020-05-15;12:42:21.669;;;;;;;;131900_0034386876;;;;;;EDI+EDI;;Accept;;131900;3993;;123;Departures;;;;;;;;;;;;
D01/00000D492CD80007;132340093699754202;2020-05-15;12:42:49.975;application/x-bolt;25556;0950728286;132340093418400000;2020-05-15;12:42:21.840;;;;;;18008;132340093598480000;2020-05-15;12:42:39.848;;;;;;;;131900_0034386879;;;;;;EDI+EDI;;Accept;;131900;2671;;123;Departures;;;;;;;;;;;;
D01/00000D492CDF0007;132340093753784646;2020-05-15;12:42:55.378;application/x-bolt;26647;0950728287;132340093472490000;2020-05-15;12:42:27.249;;;;;;18008;132340093652570000;2020-05-15;12:42:45.257;;;;;;;;131900_0034386880;;;;;;EDI+EDI;;Accept;;131900;2676;;123;Departures;;;;;;;;;;;;
D01/00000D492CE60007;132340094068018014;2020-05-15;12:43:26.802;application/x-bolt;26011;0235975449;132340093786770000;2020-05-15;12:42:58.677;;;;;;18008;132340093966850000;2020-05-15;12:43:16.685;;;;;;;;131900_0034386881;;;;;;EDI+EDI;;Accept;;131900;2682;;123;Departures;;;;;;;;;;;;
D01/00000D492CED0007;132340094354575546;2020-05-15;12:43:55.458;application/x-bolt;27600;0235975448;132340094073080000;2020-05-15;12:43:27.308;;;;;;18009;132340094253170000;2020-05-15;12:43:45.317;;;;;;;;131900_0034386882;;;;;;EDI+EDI;;Accept;;131900;2662;;123;Departures;;;;;;;;;;;;
D01/00000D492CF40006;132340094640232234;2020-05-15;12:44:24.023;application/x-bolt;24037;0016806811 / 0235975452;132340094357680000;2020-05-15;12:43:55.768;;;;;;18117;132340094538850000;2020-05-15;12:44:13.885;;;;;;;;131900_0034386883;;;Multiple main barcodes detected;Camera05;05;EDI+EDI;;Accept;;131900;2629;;123;Departures;;;;;;;;;;;;
D01/00000D492CFA0007;132340094766760360;2020-05-15;12:44:36.676;application/x-bolt;24634;0950728288;132340094485460000;2020-05-15;12:44:08.546;;;;;;18008;132340094665540000;2020-05-15;12:44:26.554;;;;;;;;131900_0034386884;;;;;;EDI+EDI;;Accept;;131900;2640;;123;Departures;;;;;;;;;;;;
D01/00000D492D010007;132340095166523583;2020-05-15;12:45:16.652;application/x-bolt;25495;0950728290;132340094885030000;2020-05-15;12:44:48.503;;;;;;18008;132340095065110000;2020-05-15;12:45:06.511;;;;;;;;131900_0034386889;;;;;;EDI+EDI;;Accept;;131900;2633;;123;Departures;;;;;;;;;;;;
D01/00000D492D080007;132340095228641577;2020-05-15;12:45:22.864;application/x-bolt;27286;0235975453 / 0235975454;132340094946320000;2020-05-15;12:44:54.632;;;;;;18009;132340095126410000;2020-05-15;12:45:12.641;;;;;;;;131900_0034386885;;;Multiple main barcodes detected;;;EDI+EDI;;Accept;;131900;2628;;123;Departures;;;;;;;;;;;;
D01/00000D492D160009;132340095307485183;2020-05-15;12:45:30.749;application/x-bolt;32020;;132340094968780000;2020-05-15;12:44:56.878;;;;;;23710;132340095205880000;2020-05-15;12:45:20.588;;;9898;195;;Reject;10595;131900_0034386887;;;"Enrichment ""VCCLicense"" cancelled: no requester available / Enrichment ""VCCNoBSM"" cancelled: no requester available";Camera06;01;VCS+VCS;;Cancel;;131900;2577;;123;Departures;;2;Cancelled: no requester available;Cancel;20699;;;2;Cancelled: no requester available;Cancel;20707;
D01/00000D492D0F0007;132340095280790262;2020-05-15;12:45:28.079;application/x-bolt;24613;0950728289 / 0950728989;132340094999350000;2020-05-15;12:44:59.935;;;;;;18008;132340095179430000;2020-05-15;12:45:17.943;;;;;;;;131900_0034386888;;;Multiple main barcodes detected;;;EDI+EDI;;Accept;;131900;2687;;123;Departures;;;;;;;;;;;;
D01/00000D492D1F0007;132340095339995535;2020-05-15;12:45:34.000;application/x-bolt;27708;0235975455;132340095058560000;2020-05-15;12:45:05.856;;;;;;18008;132340095238640000;2020-05-15;12:45:23.864;;;;;;;;131900_0034386886;;;;;;EDI+EDI;;Accept;;131900;2724;;123;Departures;;;;;;;;;;;;
D01/00000D492D260007;132340095396808578;2020-05-15;12:45:39.681;application/x-bolt;25803;0235975456;132340095115400000;2020-05-15;12:45:11.540;;;;;;18008;132340095295480000;2020-05-15;12:45:29.548;;;;;;;;131900_0034386890;;;;;;EDI+EDI;;Accept;;131900;2681;;123;Departures;;;;;;;;;;;;
D01/00000D492D2D0007;132340096805929609;2020-05-15;12:48:00.593;application/x-bolt;24254;0546233430;132340096538476000;2020-05-15;12:47:33.848;;;;;;18008;132340096718556000;2020-05-15;12:47:51.856;;;;;;;;131800_0034386900;;;;;;EDI+EDI;;Accept;;131800;2234;;123;Departures;;;;;;;;;;;;
D01/00000D492D340006;132340096919387564;2020-05-15;12:48:11.939;application/x-bolt;23865;0950470250 / 0546233431;132340096651926000;2020-05-15;12:47:45.193;;;;;;18007;132340096831996000;2020-05-15;12:48:03.200;;;;;;;;131800_0034386905;;;Multiple main barcodes detected;Camera03;09;EDI+EDI;;Accept;;131800;4213;;123;Departures;;;;;;;;;;;;
D01/00000D492D3A0006;132340097617390196;2020-05-15;12:49:21.739;application/x-bolt;23206;0546233427;132340097349866000;2020-05-15;12:48:54.987;;;;;;18006;132340097529926000;2020-05-15;12:49:12.993;;;;;;;;131800_0034386907;;;;Camera05;03;EDI+EDI;;Accept;;131800;2422;;123;Departures;;;;;;;;;;;;
D01/00000D492D400006;132340097679173534;2020-05-15;12:49:27.917;application/x-bolt;22973;0546233428;132340097411676000;2020-05-15;12:49:01.168;;;;;;18007;132340097591746000;2020-05-15;12:49:19.175;;;;;;;;131800_0034386908;;;;Camera04;05;EDI+EDI;;Accept;;131800;2256;;123;Departures;;;;;;;;;;;;
D01/00000D492D460006;132340098052916211;2020-05-15;12:50:05.292;application/x-bolt;23205;0546233429;132340097785546000;2020-05-15;12:49:38.555;;;;;;18006;132340097965606000;2020-05-15;12:49:56.561;;;;;;;;131800_0034386909;;;;;;EDI+EDI;;Accept;;131800;2241;;123;Departures;;;;;;;;;;;;
D01/00000D492D4C0006;132340098822660781;2020-05-15;12:51:22.266;application/x-bolt;23199;0950728302;132340098573636000;2020-05-15;12:50:57.364;;;;;;18007;132340098753706000;2020-05-15;12:51:15.371;;;;;;;;132000_0034386916;;;;Camera02;09;EDI+EDI;;Accept;;132000;2211;;123;Departures;;;;;;;;;;;;
D01/00000D492D520006;132340098879559903;2020-05-15;12:51:27.956;application/x-bolt;21294;0950728304;132340098630626000;2020-05-15;12:51:03.063;;;;;;18006;132340098810686000;2020-05-15;12:51:21.069;;;;;;;;132000_0034386915;;;;;;EDI+EDI;;Accept;;132000;2219;;123;Departures;;;;;;;;;;;;
D01/00000D492D580006;132340099107895807;2020-05-15;12:51:50.790;application/x-bolt;21161;0950728301;132340098858946000;2020-05-15;12:51:25.895;;;;;;18007;132340099039016000;2020-05-15;12:51:43.902;;;;;;;;132000_0034386911;;;;;;EDI+EDI;;Accept;;132000;2232;;123;Departures;;;;;;;;;;;;
D01/00000D492D5E0006;132340099170969059;2020-05-15;12:51:57.097;application/x-bolt;21506;0950728303;132340098922026000;2020-05-15;12:51:32.203;;;;;;18007;132340099102096000;2020-05-15;12:51:50.210;;;;;;;;132000_0034386910;;;;;;EDI+EDI;;Accept;;132000;2233;;123;Departures;;;;;;;;;;;;
D01/00000D492D640006;132340099202936054;2020-05-15;12:52:00.294;application/x-bolt;21215;0950728305;132340098954036000;2020-05-15;12:51:35.404;;;;;;18006;132340099134096000;2020-05-15;12:51:53.410;;;;;;;;132000_0034386918;;;;;;EDI+EDI;;Accept;;132000;2274;;123;Departures;;;;;;;;;;;;
D01/00000D492D6A0006;132340099271974344;2020-05-15;12:52:07.197;application/x-bolt;23467;0546233432;132340099004266000;2020-05-15;12:51:40.427;;;;;;18008;132340099184346000;2020-05-15;12:51:58.435;;;;;;;;131800_0034386919;;;;Camera03;12;EDI+EDI;;Accept;;131800;2260;;123;Departures;;;;;;;;;;;;
D01/00000D492D700007;132340099288678450;2020-05-15;12:52:08.868;application/x-bolt;27976;0950728306;132340099039706000;2020-05-15;12:51:43.971;;;;;;18008;132340099219786000;2020-05-15;12:52:01.979;;;;;;;;132000_0034386921;;;;;;EDI+EDI;;Accept;;132000;2260;;123;Departures;;;;;;;;;;;;
D01/00000D492D770006;132340099401423644;2020-05-15;12:52:20.142;application/x-bolt;23921;0950728308;132340099152576000;2020-05-15;12:51:55.258;;;;;;18007;132340099332646000;2020-05-15;12:52:13.265;;;;;;;;132000_0034386922;;;;;;EDI+EDI;;Accept;;132000;4159;;123;Departures;;;;;;;;;;;;
D01/00000D492D7D0006;132340099491980105;2020-05-15;12:52:29.198;application/x-bolt;22914;0950728307;132340099243026000;2020-05-15;12:52:04.303;;;;;;18008;132340099423106000;2020-05-15;12:52:22.311;;;;;;;;132000_0034386927;;;;Camera06;06;EDI+EDI;;Accept;;132000;2256;;123;Departures;;;;;;;;;;;;
D01/00000D492D830007;132340099633969990;2020-05-15;12:52:43.397;application/x-bolt;24776;0950728291;132340099352220000;2020-05-15;12:52:15.222;;;;;;18008;132340099532300000;2020-05-15;12:52:33.230;;;;;;;;131900_0034386891;;;;Camera06;05;EDI+EDI;;Accept;;131900;2427;;123;Departures;;;;;;;;;;;;
D01/00000D492D8A0007;132340099685463468;2020-05-15;12:52:48.546;application/x-bolt;25077;0950728309;132340099436346000;2020-05-15;12:52:23.635;;;;;;18008;132340099616426000;2020-05-15;12:52:41.643;;;;;;;;132000_0034386931;;;;;;EDI+EDI;;Accept;;132000;2261;;123;Departures;;;;;;;;;;;;
D01/00000D492D910007;132340099729160364;2020-05-15;12:52:52.916;application/x-bolt;26562;0235975460;132340099447340000;2020-05-15;12:52:24.734;;;;;;18008;132340099627420000;2020-05-15;12:52:42.742;;;;;;;;131900_0034386902;;;;;;EDI+EDI;;Accept;;131900;2897;;123;Departures;;;;;;;;;;;;
D01/00000D492D980007;132340099752690232;2020-05-15;12:52:55.269;application/x-bolt;24868;0235975459;132340099471010000;2020-05-15;12:52:27.101;;;;;;18008;132340099651090000;2020-05-15;12:52:45.109;;;;;;;;131900_0034386903;;;;Camera06;05;EDI+EDI;;Accept;;131900;2414;;123;Departures;;;;;;;;;;;;
D01/00000D492DA50007;132340099802662425;2020-05-15;12:53:00.266;application/x-bolt;24632;0950728298;132340099520940000;2020-05-15;12:52:32.094;;;;;;18018;132340099701120000;2020-05-15;12:52:50.112;;;;;;;;131900_0034386892;;;;Camera06;04;EDI+EDI;;Accept;;131900;2460;;123;Departures;;;;;;;;;;;;
D01/00000D492D9F0006;132340099802071928;2020-05-15;12:53:00.207;application/x-bolt;24009;0546233433;132340099534456000;2020-05-15;12:52:33.446;;;;;;18008;132340099714536000;2020-05-15;12:52:51.454;;;;;;;;131800_0034386925;;;;;;EDI+EDI;;Accept;;131800;2275;;123;Departures;;;;;;;;;;;;
D01/00000D492DAC0007;132340099824841151;2020-05-15;12:53:02.484;application/x-bolt;26141;0235975458;132340099543060000;2020-05-15;12:52:34.306;;;;;;18009;132340099723150000;2020-05-15;12:52:52.315;;;;;;;;131900_0034386904;;;;;;EDI+EDI;;Accept;;131900;2299;;123;Departures;;;;;;;;;;;;
D01/00000D492DB30007;132340099831456734;2020-05-15;12:53:03.146;application/x-bolt;24861;0546233434;132340099563266000;2020-05-15;12:52:36.327;;;;;;18009;132340099743356000;2020-05-15;12:52:54.336;;;;;;;;131800_0034386926;;;;;;EDI+EDI;;Accept;;131800;2273;;123;Departures;;;;;;;;;;;;
D01/00000D492DC40007;132340099849712152;2020-05-15;12:53:04.971;application/x-bolt;26125;0950728299;132340099568230000;2020-05-15;12:52:36.823;;;;;;18007;132340099748300000;2020-05-15;12:52:54.830;;;;;;;;131900_0034386893;;;;;;EDI+EDI;;Accept;;131900;2493;;123;Departures;;;;;;;;;;;;
D01/00000D492DCB0007;132340099872000970;2020-05-15;12:53:07.200;application/x-bolt;25056;0235975461;132340099590200000;2020-05-15;12:52:39.020;;;;;;18009;132340099770290000;2020-05-15;12:52:57.029;;;;;;;;131900_0034386920;;;;;;EDI+EDI;;Accept;;131900;2479;;123;Departures;;;;;;;;;;;;
D01/00000D492DBA000A;132340099833858772;2020-05-15;12:53:03.386;application/x-bolt;36106;;132340099592836000;2020-05-15;12:52:39.284;;;;;;15306;132340099745896000;2020-05-15;12:52:54.590;;;9646;62;;Reject;2547;131800_0034386930;;;"Enrichment ""VCCLicense"" cancelled: no requester available / Enrichment ""VCCNoBSM"" cancelled: no requester available";Camera06;07;VCS+VCS;;Cancel;;131800;2297;;123;Departures;;3;Cancelled: no requester available;Cancel;12265;;;3;Cancelled: no requester available;Cancel;12273;
D01/00000D492DD20007;132340099896231430;2020-05-15;12:53:09.623;application/x-bolt;24359;0950728300;132340099614730000;2020-05-15;12:52:41.473;;;;;;18007;132340099794800000;2020-05-15;12:52:59.480;;;;;;;;131900_0034386897;;;;Camera06;05;EDI+EDI;;Accept;;131900;2485;;123;Departures;;;;;;;;;;;;
D01/00000D492DE00007;132340099909682788;2020-05-15;12:53:10.968;application/x-bolt;24199;0546233436;132340099641886000;2020-05-15;12:52:44.189;;;;;;18007;132340099821956000;2020-05-15;12:53:02.196;;;;;;;;131800_0034386932;;;;Camera04;08;EDI+EDI;;Accept;;131800;2276;;123;Departures;;;;;;;;;;;;
D01/00000D492DEE0007;132340099929749728;2020-05-15;12:53:12.975;application/x-bolt;24672;0950728293;132340099648000000;2020-05-15;12:52:44.800;;;;;;18008;132340099828080000;2020-05-15;12:53:02.808;;;;;;;;131900_0034386894;;;;Camera06;05;EDI+EDI;;Accept;;131900;2507;;123;Departures;;;;;;;;;;;;
D01/00000D492DD90007;132340099900354910;2020-05-15;12:53:10.035;application/x-bolt;25190;0950728312;132340099651326000;2020-05-15;12:52:45.133;;;;;;18007;132340099831396000;2020-05-15;12:53:03.140;;;;;;;;132000_0034386938;;;;;;EDI+EDI;;Accept;;132000;2308;;123;Departures;;;;;;;;;;;;
D01/00000D492DF50007;132340099948175285;2020-05-15;12:53:14.818;application/x-bolt;25710;0950728292 / 5072829499;132340099666840000;2020-05-15;12:52:46.684;;;;;;18007;132340099846910000;2020-05-15;12:53:04.691;;;;;;;;131900_0034386895;;;Multiple main barcodes detected;;;EDI+EDI;;Accept;;131900;2606;;123;Departures;;;;;;;;;;;;
D01/00000D492DE70007;132340099923364335;2020-05-15;12:53:12.336;application/x-bolt;25555;0950728311;132340099674286000;2020-05-15;12:52:47.429;;;;;;18007;132340099854356000;2020-05-15;12:53:05.436;;;;;;;;132000_0034386940;;;;;;EDI+EDI;;Accept;;132000;2158;;123;Departures;;;;;;;;;;;;
D01/00000D492DFC0007;132340099973046286;2020-05-15;12:53:17.305;application/x-bolt;25532;0235952037 / 0950728295 / 0523035843;132340099691330000;2020-05-15;12:52:49.133;;;;;;18008;132340099871410000;2020-05-15;12:53:07.141;;;;;;;;131900_0034386896;;;Multiple main barcodes detected;;;EDI+EDI;;Accept;;131900;2525;;123;Departures;;;;;;;;;;;;
D01/00000D492E030006;132340099974557563;2020-05-15;12:53:17.456;application/x-bolt;23317;0950728313;132340099725576000;2020-05-15;12:52:52.558;;;;;;18007;132340099905646000;2020-05-15;12:53:10.565;;;;;;;;132000_0034386941;;;;Camera06;06;EDI+EDI;;Accept;;132000;2327;;123;Departures;;;;;;;;;;;;
D01/00000D492E170007;132340100020426292;2020-05-15;12:53:22.043;application/x-bolt;25774;0950728297;132340099738600000;2020-05-15;12:52:53.860;;;;;;18007;132340099918670000;2020-05-15;12:53:11.867;;;;;;;;131900_0034386898;;;;;;EDI+EDI;;Accept;;131900;2527;;123;Departures;;;;;;;;;;;;
D01/00000D492E100007;132340100017013409;2020-05-15;12:53:21.701;application/x-bolt;25517;0546233437;132340099749426000;2020-05-15;12:52:54.943;;;;;;18007;132340099929496000;2020-05-15;12:53:12.950;;;;;;;;131800_0034386935;;;;;;EDI+EDI;;Accept;;131800;2559;;123;Departures;;;;;;;;;;;;
D01/00000D492E090007;132340100012959985;2020-05-15;12:53:21.296;application/x-bolt;24201;0950728310;132340099763936000;2020-05-15;12:52:56.394;;;;;;18008;132340099944016000;2020-05-15;12:53:14.402;;;;;;;;132000_0034386939;;;;;;EDI+EDI;;Accept;;132000;2345;;123;Departures;;;;;;;;;;;;
D01/00000D492E1E0007;132340100048069631;2020-05-15;12:53:24.807;application/x-bolt;25765;0950728296;132340099766360000;2020-05-15;12:52:56.636;;;;;;18007;132340099946430000;2020-05-15;12:53:14.643;;;;;;;;131900_0034386899;;;;;;EDI+EDI;;Accept;;131900;2587;;123;Departures;;;;;;;;;;;;
D01/00000D492E250007;132340100071069049;2020-05-15;12:53:27.107;application/x-bolt;26648;0950728294;132340099789370000;2020-05-15;12:52:58.937;;;;;;18008;132340099969450000;2020-05-15;12:53:16.945;;;;;;;;131900_0034386956;;;;;;EDI+EDI;;Accept;;131900;2556;;123;Departures;;;;;;;;;;;;
D01/00000D492E2C0007;132340100128567597;2020-05-15;12:53:32.857;application/x-bolt;25565;0546233438;132340099860796000;2020-05-15;12:53:06.080;;;;;;18006;132340100040856000;2020-05-15;12:53:24.086;;;;;;;;131800_0034386937;;;;;;EDI+EDI;;Accept;;131800;3347;;123;Departures;;;;;;;;;;;;
D01/00000D492E330007;132340100183734176;2020-05-15;12:53:38.373;application/x-bolt;25645;0235975466;132340099934616000;2020-05-15;12:53:13.462;;;;;;18007;132340100114686000;2020-05-15;12:53:31.469;;;;;;;;132000_0034386928;;;;;;EDI+EDI;;Accept;;132000;2365;;123;Departures;;;;;;;;;;;;
D01/00000D492E400006;132340100280065517;2020-05-15;12:53:48.007;application/x-bolt;21481;0546233439;132340100012546000;2020-05-15;12:53:21.255;;;;;;18007;132340100192616000;2020-05-15;12:53:39.262;;;;;;;;131800_0034386943;;;;;;EDI+EDI;;Accept;;131800;2326;;123;Departures;;;;;;;;;;;;
D01/00000D492E3A0006;132340100272439079;2020-05-15;12:53:47.244;application/x-bolt;21342;0235975465;132340100023476000;2020-05-15;12:53:22.348;;;;;;18007;132340100203546000;2020-05-15;12:53:40.355;;;;;;;;132000_0034386917;;;;;;EDI+EDI;;Accept;;132000;2380;;123;Departures;;;;;;;;;;;;
D01/00000D492E460007;132340100301943989;2020-05-15;12:53:50.194;application/x-bolt;25900;0235975464;132340100052896000;2020-05-15;12:53:25.290;;;;;;18006;132340100232956000;2020-05-15;12:53:43.296;;;;;;;;132000_0034386934;;;;;;EDI+EDI;;Accept;;132000;2405;;123;Departures;;;;;;;;;;;;
D01/00000D492E4D0006;132340100326154433;2020-05-15;12:53:52.615;application/x-bolt;24105;0950728315 / 0148515776;132340100077156000;2020-05-15;12:53:27.716;;;;;;18006;132340100257216000;2020-05-15;12:53:45.722;;;;;;;;132000_0034386946;;;Multiple main barcodes detected;;;EDI+EDI;;Accept;;132000;2367;;123;Departures;;;;;;;;;;;;
D01/00000D492E530007;132340100349934507;2020-05-15;12:53:54.993;application/x-bolt;24165;0950728314;132340100100926000;2020-05-15;12:53:30.093;;;;;;18007;132340100280996000;2020-05-15;12:53:48.100;;;;;;;;132000_0034386948;;;;Camera03;05;EDI+EDI;;Accept;;132000;2342;;123;Departures;;;;;;;;;;;;
D01/00000D492E5A0006;132340100388467040;2020-05-15;12:53:58.847;application/x-bolt;23146;0235975463;132340100139446000;2020-05-15;12:53:33.945;;;;;;18006;132340100319506000;2020-05-15;12:53:51.951;;;;;;;;132000_0034386942;;;;Camera03;13;EDI+EDI;;Accept;;132000;2404;;123;Departures;;;;;;;;;;;;
D01/00000D492E600007;132340100462969948;2020-05-15;12:54:06.297;application/x-bolt;26249;0235975468;132340100213466000;2020-05-15;12:53:41.347;;;;;;18064;132340100394106000;2020-05-15;12:53:59.411;;;;;;;;132000_0034386936;;;;;;EDI+EDI;;Accept;;132000;2402;;123;Departures;;;;;;;;;;;;
D01/00000D492E670007;132340100586544285;2020-05-15;12:54:18.654;application/x-bolt;24839;0546233442;132340100318686000;2020-05-15;12:53:51.869;;;;;;18010;132340100498786000;2020-05-15;12:54:09.879;;;;;;;;131800_0034386950;;;;;;EDI+EDI;;Accept;;131800;2317;;123;Departures;;;;;;;;;;;;
D01/00000D492E740007;132340100620302786;2020-05-15;12:54:22.030;application/x-bolt;27162;0546233441;132340100352566000;2020-05-15;12:53:55.257;;;;;;18006;132340100532626000;2020-05-15;12:54:13.263;;;;;;;;131800_0034386949;;;;;;EDI+EDI;;Accept;;131800;2339;;123;Departures;;;;;;;;;;;;
D01/00000D492E6E0006;132340100608823095;2020-05-15;12:54:20.882;application/x-bolt;23649;0950728316 / 7497728316;132340100359746000;2020-05-15;12:53:55.975;;;;;;18007;132340100539816000;2020-05-15;12:54:13.982;;;;;;;;132000_0034386953;;;Multiple main barcodes detected;;;EDI+EDI;;Accept;;132000;3447;;123;Departures;;;;;;;;;;;;
D01/00000D492E7B0006;132340100640950225;2020-05-15;12:54:24.095;application/x-bolt;21324;0950728317;132340100392006000;2020-05-15;12:53:59.201;;;;;;18007;132340100572076000;2020-05-15;12:54:17.208;;;;;;;;132000_0034386954;;;;;;EDI+EDI;;Accept;;132000;2453;;123;Departures;;;;;;;;;;;;
D01/00000D492E810007;132340100686748894;2020-05-15;12:54:28.675;application/x-bolt;24905;0235975470;132340100437706000;2020-05-15;12:54:03.771;;;;;;18007;132340100617776000;2020-05-15;12:54:21.778;;;;;;;;132000_0034386944;;;;;;EDI+EDI;;Accept;;132000;2479;;123;Departures;;;;;;;;;;;;
D01/00000D492E880007;132340100742556014;2020-05-15;12:54:34.256;application/x-bolt;24241;0235975469;132340100493526000;2020-05-15;12:54:09.353;;;;;;18007;132340100673596000;2020-05-15;12:54:27.360;;;;;;;;132000_0034386945;;;;;;EDI+EDI;;Accept;;132000;2511;;123;Departures;;;;;;;;;;;;
D01/00000D492E8F0006;132340100766946610;2020-05-15;12:54:36.695;application/x-bolt;21317;0546233440;132340100499236000;2020-05-15;12:54:09.924;;;;;;18007;132340100679306000;2020-05-15;12:54:27.931;;;;;;;;131800_0034386951;;;;;;EDI+EDI;;Accept;;131800;2324;;123;Departures;;;;;;;;;;;;
D01/00000D492E950007;132340100823003936;2020-05-15;12:54:42.300;application/x-bolt;25546;0950728318;132340100541260000;2020-05-15;12:54:14.126;;;;;;18007;132340100721330000;2020-05-15;12:54:32.133;;;;;;;;131900_0034386957;;;;Camera06;03;EDI+EDI;;Accept;;131900;2612;;123;Departures;;;;;;;;;;;;
D01/00000D492E9C0006;132340100829149136;2020-05-15;12:54:42.915;application/x-bolt;23986;0546233443;132340100561476000;2020-05-15;12:54:16.148;;;;;;18008;132340100741556000;2020-05-15;12:54:34.156;;;;;;;;131800_0034386952;;;;;;EDI+EDI;;Accept;;131800;2348;;123;Departures;;;;;;;;;;;;
D01/00000D492EA20007;132340101244589900;2020-05-15;12:55:24.459;application/x-bolt;25140;0950728319;132340100962850000;2020-05-15;12:54:56.285;;;;;;18007;132340101142920000;2020-05-15;12:55:14.292;;;;;;;;131900_0034386958;;;;;;EDI+EDI;;Accept;;131900;2613;;123;Departures;;;;;;;;;;;;
D01/00000D492EA90007;132340101705509069;2020-05-15;12:56:10.551;application/x-bolt;26546;0235975473;132340101423690000;2020-05-15;12:55:42.369;;;;;;18007;132340101603760000;2020-05-15;12:56:00.376;;;;;;;;131900_0034386961;;;;;;EDI+EDI;;Accept;;131900;2626;;123;Departures;;;;;;;;;;;;
D01/00000D492EB00007;132340101734303383;2020-05-15;12:56:13.430;application/x-bolt;25209;0235975490 / 4935975490;132340101452580000;2020-05-15;12:55:45.258;;;;;;18007;132340101632650000;2020-05-15;12:56:03.265;;;;;;;;131900_0034386967;;;Multiple main barcodes detected;;;EDI+EDI;;Accept;;131900;2638;;123;Departures;;;;;;;;;;;;
D01/00000D492EB70007;132340101788108813;2020-05-15;12:56:18.811;application/x-bolt;26992;0235975472;132340101506380000;2020-05-15;12:55:50.638;;;;;;18008;132340101686460000;2020-05-15;12:56:08.646;;;;;;;;131900_0034386963;;;;;;EDI+EDI;;Accept;;131900;2629;;123;Departures;;;;;;;;;;;;
D01/00000D492EBE0006;132340101794944588;2020-05-15;12:56:19.494;application/x-bolt;23120;0546233447;132340101527106000;2020-05-15;12:55:52.711;;;;;;18006;132340101707166000;2020-05-15;12:56:10.717;;;;;;;;131800_0034386962;;;;;;EDI+EDI;;Accept;;131800;2333;;123;Departures;;;;;;;;;;;;
D01/00000D492EC40007;132340101849160364;2020-05-15;12:56:24.916;application/x-bolt;25853;0235975471;132340101566700000;2020-05-15;12:55:56.670;;;;;;18077;132340101747470000;2020-05-15;12:56:14.747;;;;;;;;131900_0034386970;;;;Camera01;07;EDI+EDI;;Accept;;131900;2642;;123;Departures;;;;;;;;;;;;
D01/00000D492ECB0007;132340101910692315;2020-05-15;12:56:31.069;application/x-bolt;25044;0546233448;132340101642966000;2020-05-15;12:56:04.297;;;;;;18006;132340101823026000;2020-05-15;12:56:22.303;;;;;;;;131800_0034386964;;;;;;EDI+EDI;;Accept;;131800;2340;;123;Departures;;;;;;;;;;;;
D01/00000D492ED20006;132340102047748006;2020-05-15;12:56:44.775;application/x-bolt;23492;0546233445;132340101780006000;2020-05-15;12:56:18.001;;;;;;18007;132340101960076000;2020-05-15;12:56:36.008;;;;;;;;131800_0034386966;;;;Camera04;03;EDI+EDI;;Accept;;131800;2345;;123;Departures;;;;;;;;;;;;
D01/00000D492ED80007;132340102120979340;2020-05-15;12:56:52.098;application/x-bolt;24492;0235975493 / 2135975493;132340101839090000;2020-05-15;12:56:23.909;;;;;;18013;132340102019220000;2020-05-15;12:56:41.922;;;;;;;;131900_0034386972;;;Multiple main barcodes detected;Camera03;08;EDI+EDI;;Accept;;131900;3742;;123;Departures;;;;;;;;;;;;
D01/00000D492EDF0006;132340102275668894;2020-05-15;12:57:07.567;application/x-bolt;22939;0546233444;132340102007946000;2020-05-15;12:56:40.795;;;;;;18007;132340102188016000;2020-05-15;12:56:58.802;;;;;;;;131800_0034386968;;;;Camera06;05;EDI+EDI;;Accept;;131800;2385;;123;Departures;;;;;;;;;;;;
D01/00000D492EE50007;132340102329373869;2020-05-15;12:57:12.937;application/x-bolt;25500;0235975491 / 2000886566;132340102047600000;2020-05-15;12:56:44.760;;;;;;18008;132340102227680000;2020-05-15;12:57:02.768;;;;;;;;131900_0034386973;;;Multiple main barcodes detected;;;EDI+EDI;;Accept;;131900;2861;;123;Departures;;;;;;;;;;;;
D01/00000D492EEC0007;132340102356686743;2020-05-15;12:57:15.669;application/x-bolt;25512;0546233446;132340102088886000;2020-05-15;12:56:48.889;;;;;;18007;132340102268956000;2020-05-15;12:57:06.896;;;;;;;;131800_0034386969;;;;;;EDI+EDI;;Accept;;131800;2391;;123;Departures;;;;;;;;;;;;
D01/00000D492EF30007;132340102734693331;2020-05-15;12:57:53.469;application/x-bolt;24130;0235975497 / 0016930548;132340102452960000;2020-05-15;12:57:25.296;;;;;;18008;132340102633040000;2020-05-15;12:57:43.304;;;;;;;;131900_0034386975;;;Multiple main barcodes detected;;;EDI+EDI;;Accept;;131900;2688;;123;Departures;;;;;;;;;;;;
D01/00000D492EFA0007;132340102791450862;2020-05-15;12:57:59.145;application/x-bolt;24976;0235975492 / 3502359754;132340102509680000;2020-05-15;12:57:30.968;;;;;;18008;132340102689760000;2020-05-15;12:57:48.976;;;;;;;;131900_0034386974;;;Multiple main barcodes detected;;;EDI+EDI;;Accept;;131900;2678;;123;Departures;;;;;;;;;;;;
D01/00000D492F010007;132340103071895739;2020-05-15;12:58:27.190;application/x-bolt;27958;0235975494;132340102789910000;2020-05-15;12:57:58.991;;;;;;18007;132340102969980000;2020-05-15;12:58:16.998;;;;;;;;131900_0034386976;;;;;;EDI+EDI;;Accept;;131900;2620;;123;Departures;;;;;;;;;;;;
D01/00000D492F080008;132340103132776736;2020-05-15;12:58:33.278;application/x-bolt;28593;0235975496;132340102849990000;2020-05-15;12:58:04.999;;;;;;18091;132340103030900000;2020-05-15;12:58:23.090;;;;;;;;131900_0034386977;;;;;;EDI+EDI;;Accept;;131900;2638;;123;Departures;;;;;;;;;;;;
D01/00000D492F100007;132340103280800699;2020-05-15;12:58:48.080;application/x-bolt;25179;0235975499;132340102999230000;2020-05-15;12:58:19.923;;;;;;18008;132340103179310000;2020-05-15;12:58:37.931;;;;;;;;131900_0034386978;;;;Camera05;09;EDI+EDI;;Accept;;131900;2656;;123;Departures;;;;;;;;;;;;
D01/00000D492F170007;132340103309164457;2020-05-15;12:58:50.916;application/x-bolt;26352;0235975502;132340103027370000;2020-05-15;12:58:22.737;;;;;;18008;132340103207450000;2020-05-15;12:58:40.745;;;;;;;;131900_0034386979;;;;;;EDI+EDI;;Accept;;131900;2660;;123;Departures;;;;;;;;;;;;
D01/00000D492F1E0007;132340103370265630;2020-05-15;12:58:57.027;application/x-bolt;24830;0950728321;132340103087630000;2020-05-15;12:58:28.763;;;;;;18085;132340103268480000;2020-05-15;12:58:46.848;;;;;;;;131900_0034386983;;;;Camera05;08;EDI+EDI;;Accept;;131900;2686;;123;Departures;;;;;;;;;;;;
D01/00000D492F25000A;132340103404564353;2020-05-15;12:59:00.456;application/x-bolt;36624;;132340103176596000;2020-05-15;12:58:37.660;;;;;;13959;132340103316186000;2020-05-15;12:58:51.619;;;8248;77;;Reject;2611;131800_0034386981;;;"Enrichment ""VCCLicense"" cancelled: no requester available / Enrichment ""VCCNoBSM"" cancelled: no requester available";Camera01;02;VCS+VCS;;Cancel;;131800;2333;;123;Departures;;3;Cancelled: no requester available;Cancel;10947;;;2;Cancelled: no requester available;Cancel;10955;
D01/00000D492F2F0007;132340103486222744;2020-05-15;12:59:08.622;application/x-bolt;24599;0950728322;132340103204290000;2020-05-15;12:58:40.429;;;;;;18007;132340103384360000;2020-05-15;12:58:58.436;;;;;;;;131900_0034386985;;;;Camera06;06;EDI+EDI;;Accept;;131900;2641;;123;Departures;;;;;;;;;;;;
D01/00000D492F360007;132340103514976825;2020-05-15;12:59:11.498;application/x-bolt;25678;0235975503 / 0235975508;132340103233020000;2020-05-15;12:58:43.302;;;;;;18008;132340103413100000;2020-05-15;12:59:01.310;;;;;;;;131900_0034386980;;;Multiple main barcodes detected;;;EDI+EDI;;Accept;;131900;2647;;123;Departures;;;;;;;;;;;;
D01/00000D492F3D0007;132340103547013655;2020-05-15;12:59:14.701;application/x-bolt;25229;0235975495;132340103264720000;2020-05-15;12:58:46.472;;;;;;18051;132340103445230000;2020-05-15;12:59:04.523;;;;;;;;131900_0034386982;;;;Camera03;11;EDI+EDI;;Accept;;131900;2640;;123;Departures;;;;;;;;;;;;
D01/00000D492F440007;132340103602319976;2020-05-15;12:59:20.232;application/x-bolt;25981;0235975508;132340103320710000;2020-05-15;12:58:52.071;;;;;;18008;132340103500790000;2020-05-15;12:59:10.079;;;;;;;;131900_0034386986;;;;;;EDI+EDI;;Accept;;131900;2714;;123;Departures;;;;;;;;;;;;
D01/00000D492F4B0007;132340103658026632;2020-05-15;12:59:25.803;application/x-bolt;27392;0235975506;132340103376220000;2020-05-15;12:58:57.622;;;;;;18008;132340103556300000;2020-05-15;12:59:15.630;;;;;;;;131900_0034386984;;;;;;EDI+EDI;;Accept;;131900;2656;;123;Departures;;;;;;;;;;;;
D01/00000D492F520007;132340103685499641;2020-05-15;12:59:28.550;application/x-bolt;25269;0235975509;132340103403730000;2020-05-15;12:59:00.373;;;;;;18008;132340103583810000;2020-05-15;12:59:18.381;;;;;;;;131900_0034386987;;;;;;EDI+EDI;;Accept;;131900;2693;;123;Departures;;;;;;;;;;;;
D01/00000D492F590007;132340103716495599;2020-05-15;12:59:31.650;application/x-bolt;24811;0950728323 / 0750728323;132340103433900000;2020-05-15;12:59:03.390;;;;;;18084;132340103614740000;2020-05-15;12:59:21.474;;;;;;;;131900_0034386990;;;Multiple main barcodes detected;Camera06;03;EDI+EDI;;Accept;;131900;2739;;123;Departures;;;;;;;;;;;;
D01/00000D492F600007;132340103833783830;2020-05-15;12:59:43.378;application/x-bolt;26025;0950728324;132340103551910000;2020-05-15;12:59:15.191;;;;;;18010;132340103732010000;2020-05-15;12:59:33.201;;;;;;;;131900_0034386991;;;;;;EDI+EDI;;Accept;;131900;2687;;123;Departures;;;;;;;;;;;;
D01/00000D492F670007;132340103889260288;2020-05-15;12:59:48.926;application/x-bolt;26254;0235975510;132340103607270000;2020-05-15;12:59:20.727;;;;;;18008;132340103787350000;2020-05-15;12:59:38.735;;;;;;;;131900_0034386988;;;;;;EDI+EDI;;Accept;;131900;2712;;123;Departures;;;;;;;;;;;;
D01/00000D492F6E0007;132340103916813368;2020-05-15;12:59:51.681;application/x-bolt;26632;0950728320;132340103634940000;2020-05-15;12:59:23.494;;;;;;18008;132340103815020000;2020-05-15;12:59:41.502;;;;;;;;131900_0034386992;;;;;;EDI+EDI;;Accept;;131900;2719;;123;Departures;;;;;;;;;;;;
D01/00000D492F750007;132340104025284215;2020-05-15;13:00:02.528;application/x-bolt;24560;0235975512;132340103743280000;2020-05-15;12:59:34.328;;;;;;18009;132340103923370000;2020-05-15;12:59:52.337;;;;;;;;131900_0034386993;;;;;;EDI+EDI;;Accept;;131900;2712;;123;Departures;;;;;;;;;;;;
D01/00000D492F7C0006;132340104043449424;2020-05-15;13:00:04.345;application/x-bolt;21324;0546233450;132340103775596000;2020-05-15;12:59:37.560;;;;;;18007;132340103955666000;2020-05-15;12:59:55.567;;;;;;;;131800_0034386989;;;;;;EDI+EDI;;Accept;;131800;2283;;123;Departures;;;;;;;;;;;;
D01/00000D492F820007;132340104086735678;2020-05-15;13:00:08.674;application/x-bolt;24466;0950728325;132340103804850000;2020-05-15;12:59:40.485;;;;;;18010;132340103984950000;2020-05-15;12:59:58.495;;;;;;;;131900_0034386996;;;;Camera06;05;EDI+EDI;;Accept;;131900;2685;;123;Departures;;;;;;;;;;;;
D01/00000D492F890007;132340104108053531;2020-05-15;13:00:10.805;application/x-bolt;26150;0235975511;132340103826190000;2020-05-15;12:59:42.619;;;;;;18007;132340104006260000;2020-05-15;13:00:00.626;;;;;;;;131900_0034386994;;;;;;EDI+EDI;;Accept;;131900;2757;;123;Departures;;;;;;;;;;;;
D01/00000D492F900007;132340104230586152;2020-05-15;13:00:23.059;application/x-bolt;27291;0235975513;132340103948760000;2020-05-15;12:59:54.876;;;;;;18008;132340104128840000;2020-05-15;13:00:12.884;;;;;;;;131900_0034386995;;;;;;EDI+EDI;;Accept;;131900;2696;;123;Departures;;;;;;;;;;;;
D01/00000D492F970007;132340104455604610;2020-05-15;13:00:45.560;application/x-bolt;24807;0235975516;132340104173690000;2020-05-15;13:00:17.369;;;;;;18008;132340104353770000;2020-05-15;13:00:35.377;;;;;;;;131900_0034387001;;;;Camera03;08;EDI+EDI;;Accept;;131900;2692;;123;Departures;;;;;;;;;;;;
D01/00000D492F9E0006;132340104521399715;2020-05-15;13:00:52.140;application/x-bolt;24083;0235975515;132340104239530000;2020-05-15;13:00:23.953;;;;;;18007;132340104419600000;2020-05-15;13:00:41.960;;;;;;;;131900_0034387000;;;;;;EDI+EDI;;Accept;;131900;2697;;123;Departures;;;;;;;;;;;;
D01/00000D492FAB0007;132340104551164640;2020-05-15;13:00:55.116;application/x-bolt;26545;0235975514;132340104269300000;2020-05-15;13:00:26.930;;;;;;18008;132340104449380000;2020-05-15;13:00:44.938;;;;;;;;131900_0034386998;;;;;;EDI+EDI;;Accept;;131900;2688;;123;Departures;;;;;;;;;;;;
D01/00000D492FA40007;132340104539084527;2020-05-15;13:00:53.908;application/x-bolt;26119;0546233451;132340104271126000;2020-05-15;13:00:27.113;;;;;;18007;132340104451196000;2020-05-15;13:00:45.120;;;;;;;;131800_0034386997;;;;;;EDI+EDI;;Accept;;131800;2324;;123;Departures;;;;;;;;;;;;
D01/00000D492FB20006;132340104620262510;2020-05-15;13:01:02.026;application/x-bolt;21240;0546233452;132340104352636000;2020-05-15;13:00:35.264;;;;;;18008;132340104532716000;2020-05-15;13:00:53.272;;;;;;;;131800_0034386999;;;;;;EDI+EDI;;Accept;;131800;2280;;123;Departures;;;;;;;;;;;;
D01/00000D492FB8000A;132340104728903518;2020-05-15;13:01:12.890;application/x-bolt;37832;;132340104462106000;2020-05-15;13:00:46.211;;;;;;17872;132340104640826000;2020-05-15;13:01:04.083;;;11123;233;;Reject;3491;131800_0034387002;;;"Enrichment ""VCCLicense"" cancelled: no requester available / Enrichment ""VCCNoBSM"" cancelled: no requester available";Camera04;06;VCS+VCS;;Cancel;;131800;3205;;123;Departures;;2;Cancelled: no requester available;Cancel;14860;;;2;Cancelled: no requester available;Cancel;14868;
D01/00000D492FC20007;132340104830458555;2020-05-15;13:01:23.046;application/x-bolt;24579;0950728327 / 0950728326;132340104548650000;2020-05-15;13:00:54.865;;;;;;18007;132340104728720000;2020-05-15;13:01:12.872;;;;;;;;131900_0034387016;;;Multiple main barcodes detected;Camera06;05;EDI+EDI;;Accept;;131900;2704;;123;Departures;;;;;;;;;;;;
D01/00000D492FC90006;132340104891419609;2020-05-15;13:01:29.142;application/x-bolt;23415;2135975518 / 0235975518;132340104609010000;2020-05-15;13:01:00.901;;;;;;18078;132340104789790000;2020-05-15;13:01:18.979;;;;;;;;131900_0034387007;;;Multiple main barcodes detected;Camera06;05;EDI+EDI;;Accept;;131900;2723;;123;Departures;;;;;;;;;;;;
D01/00000D492FCF0007;132340104978892871;2020-05-15;13:01:37.889;application/x-bolt;26816;0235975517;132340104697050000;2020-05-15;13:01:09.705;;;;;;18007;132340104877120000;2020-05-15;13:01:27.712;;;;;;;;131900_0034387005;;;;;;EDI+EDI;;Accept;;131900;2703;;123;Departures;;;;;;;;;;;;
D01/00000D492FD60007;132340105145992166;2020-05-15;13:01:54.599;application/x-bolt;24780;0950728329;132340104864030000;2020-05-15;13:01:26.403;;;;;;18008;132340105044110000;2020-05-15;13:01:44.411;;;;;;;;131900_0034387011;;;;;;EDI+EDI;;Accept;;131900;2720;;123;Departures;;;;;;;;;;;;
D01/00000D492FDD0007;132340105234475710;2020-05-15;13:02:03.448;application/x-bolt;25217;0235975521;132340104952620000;2020-05-15;13:01:35.262;;;;;;18008;132340105132700000;2020-05-15;13:01:53.270;;;;;;;;131900_0034387010;;;;;;EDI+EDI;;Accept;;131900;2703;;123;Departures;;;;;;;;;;;;
D01/00000D492FE40007;132340105357588039;2020-05-15;13:02:15.759;application/x-bolt;25003;5016831846 / 0610668138 / 6006470578 / 0235975523;132340105075660000;2020-05-15;13:01:47.566;;;;;;18008;132340105255740000;2020-05-15;13:02:05.574;;;;;;;;131900_0034387013;;;Multiple main barcodes detected;;;EDI+EDI;;Accept;;131900;2716;;123;Departures;;;;;;;;;;;;
D01/00000D492FEB0006;132340105470712060;2020-05-15;13:02:27.071;application/x-bolt;24035;0235975522;132340105188830000;2020-05-15;13:01:58.883;;;;;;18008;132340105368910000;2020-05-15;13:02:16.891;;;;;;;;131900_0034387012;;;;Camera03;05;EDI+EDI;;Accept;;131900;2763;;123;Departures;;;;;;;;;;;;
D01/00000D492FF10007;132340105529821193;2020-05-15;13:02:32.982;application/x-bolt;27714;0950728330;132340105247870000;2020-05-15;13:02:04.787;;;;;;18008;132340105427950000;2020-05-15;13:02:22.795;;;;;;;;131900_0034387018;;;;;;EDI+EDI;;Accept;;131900;2705;;123;Departures;;;;;;;;;;;;
D01/00000D492FF80007;132340105653173717;2020-05-15;13:02:45.317;application/x-bolt;24229;0546233455;132340105385556000;2020-05-15;13:02:18.556;;;;;;18007;132340105565626000;2020-05-15;13:02:36.563;;;;;;;;131800_0034387014;;;;;;EDI+EDI;;Accept;;131800;2279;;123;Departures;;;;;;;;;;;;
D01/00000D492FFF0006;132340105773844013;2020-05-15;13:02:57.384;application/x-bolt;23417;0546233456;132340105505976000;2020-05-15;13:02:30.598;;;;;;18007;132340105686046000;2020-05-15;13:02:48.605;;;;;;;;131800_0034387015;;;;Camera05;07;EDI+EDI;;Accept;;131800;2299;;123;Departures;;;;;;;;;;;;
D01/00000D4930050006;132340105839228356;2020-05-15;13:03:03.923;application/x-bolt;23570;0235975520;132340105557400000;2020-05-15;13:02:35.740;;;;;;18008;132340105737480000;2020-05-15;13:02:53.748;;;;;;;;131900_0034387020;;;;Camera01;08;EDI+EDI;;Accept;;131900;2680;;123;Departures;;;;;;;;;;;;
D01/00000D49300B0006;132340105877169897;2020-05-15;13:03:07.717;application/x-bolt;23722;0546233457;132340105609256000;2020-05-15;13:02:40.926;;;;;;18007;132340105789326000;2020-05-15;13:02:58.933;;;;;;;;131800_0034387017;;;;;;EDI+EDI;;Accept;;131800;2293;;123;Departures;;;;;;;;;;;;
D01/00000D4930110007;132340105895575196;2020-05-15;13:03:09.558;application/x-bolt;27587;0235975519;132340105613680000;2020-05-15;13:02:41.368;;;;;;18008;132340105793760000;2020-05-15;13:02:59.376;;;;;;;;131900_0034387021;;;;;;EDI+EDI;;Accept;;131900;2743;;123;Departures;;;;;;;;;;;;
D01/00000D49301E0007;132340105990173821;2020-05-15;13:03:19.017;application/x-bolt;26126;0950728331;132340105708290000;2020-05-15;13:02:50.829;;;;;;18008;132340105888370000;2020-05-15;13:03:08.837;;;;;;;;131900_0034387024;;;;;;EDI+EDI;;Accept;;131900;2672;;123;Departures;;;;;;;;;;;;
D01/00000D4930180006;132340105987631707;2020-05-15;13:03:18.763;application/x-bolt;21309;0546233458;132340105719756000;2020-05-15;13:02:51.976;;;;;;18008;132340105899836000;2020-05-15;13:03:09.984;;;;;;;;131800_0034387019;;;;;;EDI+EDI;;Accept;;131800;2299;;123;Departures;;;;;;;;;;;;
D01/00000D4930250007;132340106068038542;2020-05-15;13:03:26.804;application/x-bolt;25447;0950728332;132340105786140000;2020-05-15;13:02:58.614;;;;;;18007;132340105966210000;2020-05-15;13:03:16.621;;;;;;;;131900_0034387036;;;;;;EDI+EDI;;Accept;;131900;2681;;123;Departures;;;;;;;;;;;;
D01/00000D49302C0006;132340106112925848;2020-05-15;13:03:31.293;application/x-bolt;22748;0546233459;132340105845046000;2020-05-15;13:03:04.505;;;;;;18008;132340106025126000;2020-05-15;13:03:22.513;;;;;;;;131800_0034387022;;;;Camera03;03;EDI+EDI;;Accept;;131800;2284;;123;Departures;;;;;;;;;;;;
D01/00000D4930320006;132340106191831434;2020-05-15;13:03:39.183;application/x-bolt;22934;0546233460;132340105924076000;2020-05-15;13:03:12.408;;;;;;18009;132340106104166000;2020-05-15;13:03:30.417;;;;;;;;131800_0034387023;;;;Camera04;05;EDI+EDI;;Accept;;131800;2320;;123;Departures;;;;;;;;;;;;
D01/00000D4930380007;132340106393388960;2020-05-15;13:03:59.339;application/x-bolt;25054;0950728336;132340106111500000;2020-05-15;13:03:31.150;;;;;;18008;132340106291580000;2020-05-15;13:03:49.158;;;;;;;;131900_0034387032;;;;Camera06;03;EDI+EDI;;Accept;;131900;2730;;123;Departures;;;;;;;;;;;;
D01/00000D49303F0007;132340106736664283;2020-05-15;13:04:33.666;application/x-bolt;24765;0950728337;132340106454750000;2020-05-15;13:04:05.475;;;;;;18007;132340106634820000;2020-05-15;13:04:23.482;;;;;;;;131900_0034387041;;;;;;EDI+EDI;;Accept;;131900;2670;;123;Departures;;;;;;;;;;;;
D01/00000D4930460006;132340106737224744;2020-05-15;13:04:33.722;application/x-bolt;23255;0546233461;132340106469236000;2020-05-15;13:04:06.924;;;;;;18019;132340106649426000;2020-05-15;13:04:24.943;;;;;;;;131800_0034387029;;;;Camera04;03;EDI+EDI;;Accept;;131800;2486;;123;Departures;;;;;;;;;;;;
D01/00000D49304C0007;132340106787846823;2020-05-15;13:04:38.785;application/x-bolt;25922;0235975525 / 0235925525;132340106505940000;2020-05-15;13:04:10.594;;;;;;18008;132340106686020000;2020-05-15;13:04:28.602;;;;;;;;131900_0034387034;;;Multiple main barcodes detected;;;EDI+EDI;;Accept;;131900;2696;;123;Departures;;;;;;;;;;;;
D01/00000D4930530006;132340106798525698;2020-05-15;13:04:39.853;application/x-bolt;21456;0546233462;132340106530166000;2020-05-15;13:04:13.017;;;;;;18064;132340106710806000;2020-05-15;13:04:31.081;;;;;;;;131800_0034387030;;;;;;EDI+EDI;;Accept;;131800;2336;;123;Departures;;;;;;;;;;;;
D01/00000D4930590007;132340106854712399;2020-05-15;13:04:45.471;application/x-bolt;24982;0546233464;132340106586876000;2020-05-15;13:04:18.688;;;;;;18007;132340106766946000;2020-05-15;13:04:36.695;;;;;;;;131800_0034387031;;;;;;EDI+EDI;;Accept;;131800;2345;;123;Departures;;;;;;;;;;;;
D01/00000D4930600007;132340106898308633;2020-05-15;13:04:49.831;application/x-bolt;25604;0235975526;132340106616270000;2020-05-15;13:04:21.627;;;;;;18008;132340106796350000;2020-05-15;13:04:39.635;;;;;;;;131900_0034387038;;;;;;EDI+EDI;;Accept;;131900;2746;;123;Departures;;;;;;;;;;;;
D01/00000D4930670006;132340106933818150;2020-05-15;13:04:53.382;application/x-bolt;22404;0546233463;132340106665976000;2020-05-15;13:04:26.598;;;;;;18007;132340106846046000;2020-05-15;13:04:44.605;;;;;;;;131800_0034387035;;;;Camera05;10;EDI+EDI;;Accept;;131800;2811;;123;Departures;;;;;;;;;;;;
D01/00000D49306D0007;132340107052566849;2020-05-15;13:05:05.257;application/x-bolt;26369;0235975527;132340106770640000;2020-05-15;13:04:37.064;;;;;;18008;132340106950720000;2020-05-15;13:04:55.072;;;;;;;;131900_0034387040;;;;;;EDI+EDI;;Accept;;131900;2674;;123;Departures;;;;;;;;;;;;
D01/00000D4930740007;132340107083352440;2020-05-15;13:05:08.335;application/x-bolt;24371;0546233465;132340106815506000;2020-05-15;13:04:41.551;;;;;;18006;132340106995566000;2020-05-15;13:04:59.557;;;;;;;;131800_0034387037;;;;;;EDI+EDI;;Accept;;131800;2376;;123;Departures;;;;;;;;;;;;
D01/00000D49307B0007;132340107108903676;2020-05-15;13:05:10.890;application/x-bolt;25911;0950728338;132340106827190000;2020-05-15;13:04:42.719;;;;;;18007;132340107007260000;2020-05-15;13:05:00.726;;;;;;;;131900_0034387045;;;;;;EDI+EDI;;Accept;;131900;2653;;123;Departures;;;;;;;;;;;;
D01/00000D4930820008;132340107135105453;2020-05-15;13:05:13.511;application/x-bolt;29689;0950728333;132340106853130000;2020-05-15;13:04:45.313;;;;;;18008;132340107033210000;2020-05-15;13:05:03.321;;;;;;;;131900_0034387044;;;;;;EDI+EDI;;Accept;;131900;2682;;123;Departures;;;;;;;;;;;;
D01/00000D4930900007;132340107250591440;2020-05-15;13:05:25.059;application/x-bolt;25759;0950728334;132340106968680000;2020-05-15;13:04:56.868;;;;;;18008;132340107148760000;2020-05-15;13:05:14.876;;;;;;;;131900_0034387046;;;;;;EDI+EDI;;Accept;;131900;2695;;123;Departures;;;;;;;;;;;;
D01/00000D49308A0006;132340107248289530;2020-05-15;13:05:24.829;application/x-bolt;23884;0546233466;132340106980496000;2020-05-15;13:04:58.050;;;;;;18006;132340107160556000;2020-05-15;13:05:16.056;;;;;;;;131800_0034387042;;;;Camera05;07;EDI+EDI;;Accept;;131800;2381;;123;Departures;;;;;;;;;;;;
D01/00000D4930970007;132340107283478776;2020-05-15;13:05:28.348;application/x-bolt;26917;0950728339;132340107001590000;2020-05-15;13:05:00.159;;;;;;18008;132340107181670000;2020-05-15;13:05:18.167;;;;;;;;131900_0034387048;;;;;;EDI+EDI;;Accept;;131900;2674;;123;Departures;;;;;;;;;;;;
D01/00000D49309E0007;132340107306337778;2020-05-15;13:05:30.634;application/x-bolt;25793;0546233467;132340107038466000;2020-05-15;13:05:03.847;;;;;;18007;132340107218536000;2020-05-15;13:05:21.854;;;;;;;;131800_0034387043;;;;;;EDI+EDI;;Accept;;131800;2391;;123;Departures;;;;;;;;;;;;
D01/00000D4930A50007;132340107562350566;2020-05-15;13:05:56.235;application/x-bolt;25623;0950728340;132340107280440000;2020-05-15;13:05:28.044;;;;;;18008;132340107460520000;2020-05-15;13:05:46.052;;;;;;;;131900_0034387049;;;;;;EDI+EDI;;Accept;;131900;2683;;123;Departures;;;;;;;;;;;;
D01/00000D4930AC0007;132340107588792542;2020-05-15;13:05:58.879;application/x-bolt;24731;0546233468;132340107320926000;2020-05-15;13:05:32.093;;;;;;18006;132340107500986000;2020-05-15;13:05:50.099;;;;;;;;131800_0034387047;;;;;;EDI+EDI;;Accept;;131800;2386;;123;Departures;;;;;;;;;;;;
D01/00000D4930B30007;132340107969208736;2020-05-15;13:06:36.921;application/x-bolt;25822;0950728341;132340107687190000;2020-05-15;13:06:08.719;;;;;;18009;132340107867280000;2020-05-15;13:06:26.728;;;;;;;;131900_0034387050;;;;;;EDI+EDI;;Accept;;131900;2682;;123;Departures;;;;;;;;;;;;
D01/00000D4930C10006;132340108972322490;2020-05-15;13:08:17.232;application/x-bolt;24119;0950728342;132340108690240000;2020-05-15;13:07:49.024;;;;;;18009;132340108870330000;2020-05-15;13:08:07.033;;;;;;;;131900_0034387055;;;;Camera06;04;EDI+EDI;;Accept;;131900;2568;;123;Departures;;;;;;;;;;;;
D01/00000D4930BA0007;132340108939545244;2020-05-15;13:08:13.955;application/x-bolt;24859;0523583256;132340108690416000;2020-05-15;13:07:49.042;;;;;;18007;132340108870486000;2020-05-15;13:08:07.049;;;;;;;;132000_0034387054;;;;;;EDI+EDI;;Accept;;132000;2233;;123;Departures;;;;;;;;;;;;
D01/00000D4930C70007;132340109082774292;2020-05-15;13:08:28.277;application/x-bolt;24435;0950728343;132340108800810000;2020-05-15;13:08:00.081;;;;;;18007;132340108980880000;2020-05-15;13:08:18.088;;;;;;;;131900_0034387057;;;;Camera06;06;EDI+EDI;;Accept;;131900;2612;;123;Departures;;;;;;;;;;;;
D01/00000D4930CE0007;132340109279347682;2020-05-15;13:08:47.935;application/x-bolt;26633;0235975528;132340108997360000;2020-05-15;13:08:19.736;;;;;;18009;132340109177450000;2020-05-15;13:08:37.745;;;;;;;;131900_0034387056;;;;;;EDI+EDI;;Accept;;131900;2588;;123;Departures;;;;;;;;;;;;
D01/00000D4930D50007;132340109481655830;2020-05-15;13:09:08.166;application/x-bolt;24908;0950728345;132340109199720000;2020-05-15;13:08:39.972;;;;;;18007;132340109379790000;2020-05-15;13:08:57.979;;;;;;;;131900_0034387058;;;;;;EDI+EDI;;Accept;;131900;2562;;123;Departures;;;;;;;;;;;;
D01/00000D4930DC0007;132340109628237666;2020-05-15;13:09:22.824;application/x-bolt;26028;0950728344;132340109346200000;2020-05-15;13:08:54.620;;;;;;18008;132340109526280000;2020-05-15;13:09:12.628;;;;;;;;131900_0034387059;;;;;;EDI+EDI;;Accept;;131900;2570;;123;Departures;;;;;;;;;;;;
D01/00000D4930E30007;132340109714749574;2020-05-15;13:09:31.475;application/x-bolt;24321;0950728346;132340109432750000;2020-05-15;13:09:03.275;;;;;;18008;132340109612830000;2020-05-15;13:09:21.283;;;;;;;;131900_0034387060;;;;Camera03;12;EDI+EDI;;Accept;;131900;4388;;123;Departures;;;;;;;;;;;;
D01/00000D4930EA0007;132340109878365564;2020-05-15;13:09:47.837;application/x-bolt;24184;0523528866 / 0523514855;132340109629156000;2020-05-15;13:09:22.916;;;;;;18006;132340109809216000;2020-05-15;13:09:40.922;;;;;;;;132000_0034387061;;;Multiple main barcodes detected;;;EDI+EDI;;Accept;;132000;2213;;123;Departures;;;;;;;;;;;;
D01/00000D4930F10007;132340110004480386;2020-05-15;13:10:00.448;application/x-bolt;26498;0950728347;132340109722350000;2020-05-15;13:09:32.235;;;;;;18008;132340109902430000;2020-05-15;13:09:50.243;;;;;;;;131900_0034387062;;;;;;EDI+EDI;;Accept;;131900;2600;;123;Departures;;;;;;;;;;;;
D01/00000D4930F80007;132340110096196620;2020-05-15;13:10:09.620;application/x-bolt;25166;0950728348;132340109814230000;2020-05-15;13:09:41.423;;;;;;18008;132340109994310000;2020-05-15;13:09:59.431;;;;;;;;131900_0034387063;;;;;;EDI+EDI;;Accept;;131900;2562;;123;Departures;;;;;;;;;;;;
D01/00000D4930FF0007;132340110123399227;2020-05-15;13:10:12.340;application/x-bolt;25904;0950728349;132340109841430000;2020-05-15;13:09:44.143;;;;;;18008;132340110021510000;2020-05-15;13:10:02.151;;;;;;;;131900_0034387064;;;;;;EDI+EDI;;Accept;;131900;2536;;123;Departures;;;;;;;;;;;;
D01/00000D4931060007;132340110463161629;2020-05-15;13:10:46.316;application/x-bolt;25101;0950728350;132340110181240000;2020-05-15;13:10:18.124;;;;;;18007;132340110361310000;2020-05-15;13:10:36.131;;;;;;;;131900_0034387065;;;;;;EDI+EDI;;Accept;;131900;2563;;123;Departures;;;;;;;;;;;;
D01/00000D49310D0006;132340110595341494;2020-05-15;13:10:59.534;application/x-bolt;23724;0523411078;132340110346146000;2020-05-15;13:10:34.615;;;;;;18008;132340110526226000;2020-05-15;13:10:52.623;;;;;;;;132000_0034387066;;;;Camera04;03;EDI+EDI;;Accept;;132000;4800;;123;Departures;;;;;;;;;;;;
D01/00000D4931130007;132340110924334943;2020-05-15;13:11:32.433;application/x-bolt;24714;0950728352;132340110642340000;2020-05-15;13:11:04.234;;;;;;18008;132340110822420000;2020-05-15;13:11:22.242;;;;;;;;131900_0034387067;;;;Camera06;03;EDI+EDI;;Accept;;131900;3424;;123;Departures;;;;;;;;;;;;
D01/00000D49311A0007;132340111038089493;2020-05-15;13:11:43.809;application/x-bolt;24899;0950728351;132340110756110000;2020-05-15;13:11:15.611;;;;;;18007;132340110936180000;2020-05-15;13:11:33.618;;;;;;;;131900_0034387068;;;;Camera05;01;EDI+EDI;;Accept;;131900;2578;;123;Departures;;;;;;;;;;;;
D01/00000D4931210006;132340111094226151;2020-05-15;13:11:49.423;application/x-bolt;22415;0950728353;132340110812350000;2020-05-15;13:11:21.235;;;;;;18007;132340110992420000;2020-05-15;13:11:39.242;;;;;;;;131900_0034387072;;;;;;EDI+EDI;;Accept;;131900;2580;;123;Departures;;;;;;;;;;;;
D01/00000D4931270007;132340111285575195;2020-05-15;13:12:08.558;application/x-bolt;25184;0523582435;132340111036256000;2020-05-15;13:11:43.626;;;;;;18006;132340111216316000;2020-05-15;13:12:01.632;;;;;;;;132000_0034387070;;;;;;EDI+EDI;;Accept;;132000;2247;;123;Departures;;;;;;;;;;;;
D01/00000D49312E0007;132340111423569890;2020-05-15;13:12:22.357;application/x-bolt;24912;0523563521 / 0235690664 / 0235320318;132340111174336000;2020-05-15;13:11:57.434;;;;;;18006;132340111354396000;2020-05-15;13:12:15.440;;;;;;;;132000_0034387071;;;Multiple main barcodes detected;Camera05;01;EDI+EDI;;Accept;;132000;2251;;123;Departures;;;;;;;;;;;;
D01/00000D4931350006;132340111871141898;2020-05-15;13:13:07.114;application/x-bolt;23489;0235975529;132340111589170000;2020-05-15;13:12:38.917;;;;;;18007;132340111769240000;2020-05-15;13:12:56.924;;;;;;;;131900_0034387073;;;;;;EDI+EDI;;Accept;;131900;2580;;123;Departures;;;;;;;;;;;;
D01/00000D49313B000A;132340112068425874;2020-05-15;13:13:26.843;application/x-bolt;36096;;132340111859766000;2020-05-15;13:13:05.977;;;;;;13901;132340111998776000;2020-05-15;13:13:19.878;;;8293;73;;Reject;2513;132000_0034387074;;;"Enrichment ""VCCLicense"" cancelled: no requester available / Enrichment ""VCCNoBSM"" cancelled: no requester available";Camera01;11;VCS+VCS;;Cancel;;132000;2251;;123;Departures;;3;Cancelled: no requester available;Cancel;10889;;;2;Cancelled: no requester available;Cancel;10897;
D01/00000D4931450007;132340112640631475;2020-05-15;13:14:24.063;application/x-bolt;25778;0235975530;132340112358560000;2020-05-15;13:13:55.856;;;;;;18007;132340112538630000;2020-05-15;13:14:13.863;;;;;;;;131900_0034387075;;;;;;EDI+EDI;;Accept;;131900;2536;;123;Departures;;;;;;;;;;;;
D01/00000D4931520007;132340112670206055;2020-05-15;13:14:27.021;application/x-bolt;24268;0950728354;132340112388280000;2020-05-15;13:13:58.828;;;;;;18008;132340112568360000;2020-05-15;13:14:16.836;;;;;;;;131900_0034387076;;;;Camera06;06;EDI+EDI;;Accept;;131900;2575;;123;Departures;;;;;;;;;;;;
D01/00000D49314C0006;132340112644754900;2020-05-15;13:14:24.475;application/x-bolt;22977;0523531649;132340112395486000;2020-05-15;13:13:59.549;;;;;;18008;132340112575566000;2020-05-15;13:14:17.557;;;;;;;;132000_0034387077;;;;Camera02;08;EDI+EDI;;Accept;;132000;2286;;123;Departures;;;;;;;;;;;;
D01/00000D4931590007;132340113197404243;2020-05-15;13:15:19.740;application/x-bolt;24471;0523528869;132340112948126000;2020-05-15;13:14:54.813;;;;;;18007;132340113128196000;2020-05-15;13:15:12.820;;;;;;;;132000_0034387078;;;;;;EDI+EDI;;Accept;;132000;4595;;123;Departures;;;;;;;;;;;;
D01/00000D4931600007;132340113226188170;2020-05-15;13:15:22.619;application/x-bolt;24752;0523531648;132340112976936000;2020-05-15;13:14:57.694;;;;;;18006;132340113156996000;2020-05-15;13:15:15.700;;;;;;;;132000_0034387079;;;;;;EDI+EDI;;Accept;;132000;2273;;123;Departures;;;;;;;;;;;;
D01/00000D4931670007;132340113355635764;2020-05-15;13:15:35.564;application/x-bolt;27869;0950728355;132340113073610000;2020-05-15;13:15:07.361;;;;;;18007;132340113253680000;2020-05-15;13:15:25.368;;;;;;;;131900_0034387080;;;;;;EDI+EDI;;Accept;;131900;2514;;123;Departures;;;;;;;;;;;;
D01/00000D49316E0007;132340113536436039;2020-05-15;13:15:53.644;application/x-bolt;25253;0523588256;132340113287106000;2020-05-15;13:15:28.711;;;;;;18008;132340113467186000;2020-05-15;13:15:46.719;;;;;;;;132000_0034387081;;;;;;EDI+EDI;;Accept;;132000;2267;;123;Departures;;;;;;;;;;;;
D01/00000D4931750006;132340113608616035;2020-05-15;13:16:00.862;application/x-bolt;23657;0523503661;132340113359386000;2020-05-15;13:15:35.939;;;;;;18007;132340113539456000;2020-05-15;13:15:53.946;;;;;;;;132000_0034387082;;;;;;EDI+EDI;;Accept;;132000;3481;;123;Departures;;;;;;;;;;;;
D01/00000D49317B0007;132340113697519927;2020-05-15;13:16:09.752;application/x-bolt;27798;0950728357;132340113415420000;2020-05-15;13:15:41.542;;;;;;18007;132340113595490000;2020-05-15;13:15:59.549;;;;;;;;131900_0034387084;;;;;;EDI+EDI;;Accept;;131900;2476;;123;Departures;;;;;;;;;;;;
D01/00000D4931820008;132340113735141198;2020-05-15;13:16:13.514;application/x-bolt;28421;0950728356;132340113453050000;2020-05-15;13:15:45.305;;;;;;18010;132340113633150000;2020-05-15;13:16:03.315;;;;;;;;131900_0034387090;;;;;;EDI+EDI;;Accept;;131900;2506;;123;Departures;;;;;;;;;;;;
D01/00000D49318A0007;132340113839928295;2020-05-15;13:16:23.993;application/x-bolt;24813;0950728358;132340113557890000;2020-05-15;13:15:55.789;;;;;;18007;132340113737960000;2020-05-15;13:16:13.796;;;;;;;;131900_0034387086;;;;Camera06;03;EDI+EDI;;Accept;;131900;2522;;123;Departures;;;;;;;;;;;;
D01/00000D4931910007;132340113871684687;2020-05-15;13:16:27.168;application/x-bolt;26155;0523506823;132340113622366000;2020-05-15;13:16:02.237;;;;;;18010;132340113802466000;2020-05-15;13:16:20.247;;;;;;;;132000_0034387085;;;;;;EDI+EDI;;Accept;;132000;2297;;123;Departures;;;;;;;;;;;;
D01/00000D4931980007;132340114156611511;2020-05-15;13:16:55.661;application/x-bolt;26483;0950728359;132340113874560000;2020-05-15;13:16:27.456;;;;;;18008;132340114054640000;2020-05-15;13:16:45.464;;;;;;;;131900_0034387087;;;;;;EDI+EDI;;Accept;;131900;2574;;123;Departures;;;;;;;;;;;;
D01/00000D49319F0007;132340114182603116;2020-05-15;13:16:58.260;application/x-bolt;26233;0950728361;132340113900560000;2020-05-15;13:16:30.056;;;;;;18007;132340114080630000;2020-05-15;13:16:48.063;;;;;;;;131900_0034387089;;;;;;EDI+EDI;;Accept;;131900;2527;;123;Departures;;;;;;;;;;;;
D01/00000D4931AC0007;132340114323740421;2020-05-15;13:17:12.374;application/x-bolt;26025;0950728360;132340114041650000;2020-05-15;13:16:44.165;;;;;;18008;132340114221730000;2020-05-15;13:17:02.173;;;;;;;;131900_0034387091;;;;;;EDI+EDI;;Accept;;131900;3485;;123;Departures;;;;;;;;;;;;
D01/00000D4931A60006;132340114303113275;2020-05-15;13:17:10.311;application/x-bolt;21220;0523366566;132340114053816000;2020-05-15;13:16:45.382;;;;;;18007;132340114233886000;2020-05-15;13:17:03.389;;;;;;;;132000_0034387088;;;;;;EDI+EDI;;Accept;;132000;2298;;123;Departures;;;;;;;;;;;;
D01/00000D4931B30007;132340114439526658;2020-05-15;13:17:23.953;application/x-bolt;24747;0950728362;132340114157750000;2020-05-15;13:16:55.775;;;;;;18007;132340114337820000;2020-05-15;13:17:13.782;;;;;;;;131900_0034387092;;;;Camera06;04;EDI+EDI;;Accept;;131900;2561;;123;Departures;;;;;;;;;;;;
D01/00000D4931BA0007;132340114698471885;2020-05-15;13:17:49.847;application/x-bolt;25128;0950728363;132340114416400000;2020-05-15;13:17:21.640;;;;;;18008;132340114596480000;2020-05-15;13:17:39.648;;;;;;;;131900_0034387093;;;;Camera05;01;EDI+EDI;;Accept;;131900;2501;;123;Departures;;;;;;;;;;;;
D01/00000D4931C10007;132340114843632538;2020-05-15;13:18:04.363;application/x-bolt;25332;0950728364;132340114561560000;2020-05-15;13:17:36.156;;;;;;18008;132340114741640000;2020-05-15;13:17:54.164;;;;;;;;131900_0034387095;;;;;;EDI+EDI;;Accept;;131900;3497;;123;Departures;;;;;;;;;;;;
D01/00000D4931C80007;132340114989103450;2020-05-15;13:18:18.910;application/x-bolt;26058;0950728365;132340114707090000;2020-05-15;13:17:50.709;;;;;;18010;132340114887190000;2020-05-15;13:18:08.719;;;;;;;;131900_0034387099;;;;Camera05;01;EDI+EDI;;Accept;;131900;2601;;123;Departures;;;;;;;;;;;;
D01/00000D4931CF0007;132340115018637998;2020-05-15;13:18:21.864;application/x-bolt;24598;0950728366;132340114736700000;2020-05-15;13:17:53.670;;;;;;18008;132340114916780000;2020-05-15;13:18:11.678;;;;;;;;131900_0034387097;;;;Camera05;06;EDI+EDI;;Accept;;131900;2575;;123;Departures;;;;;;;;;;;;
D01/00000D4931D60007;132340115092129082;2020-05-15;13:18:29.213;application/x-bolt;24223;0523542789;132340114842876000;2020-05-15;13:18:04.288;;;;;;18007;132340115022946000;2020-05-15;13:18:22.295;;;;;;;;132000_0034387100;;;;;;EDI+EDI;;Accept;;132000;2304;;123;Departures;;;;;;;;;;;;
D01/00000D4931DD0007;132340115345599761;2020-05-15;13:18:54.560;application/x-bolt;24278;0523542792;132340115096276000;2020-05-15;13:18:29.628;;;;;;18007;132340115276346000;2020-05-15;13:18:47.635;;;;;;;;132000_0034387103;;;;;;EDI+EDI;;Accept;;132000;2294;;123;Departures;;;;;;;;;;;;
D01/00000D4931E40006;132340115392548781;2020-05-15;13:18:59.255;application/x-bolt;23324;0546233469;132340115124466000;2020-05-15;13:18:32.447;;;;;;18006;132340115304526000;2020-05-15;13:18:50.453;;;;;;;;131800_0034387094;;;;Camera05;03;EDI+EDI;;Accept;;131800;2223;;123;Departures;;;;;;;;;;;;
D01/00000D4931EA0006;132340115446683776;2020-05-15;13:19:04.668;application/x-bolt;23262;0546233471;132340115178086000;2020-05-15;13:18:37.809;;;;;;18067;132340115358756000;2020-05-15;13:18:55.876;;;;;;;;131800_0034387096;;;;Camera05;03;EDI+EDI;;Accept;;131800;2215;;123;Departures;;;;;;;;;;;;
D01/00000D4931F00007;132340115493002277;2020-05-15;13:19:09.300;application/x-bolt;24980;0950728367 / 0368524752;132340115210970000;2020-05-15;13:18:41.097;;;;;;18009;132340115391060000;2020-05-15;13:18:59.106;;;;;;;;131900_0034387105;;;Multiple main barcodes detected;Camera06;03;EDI+EDI;;Accept;;131900;2573;;123;Departures;;;;;;;;;;;;
D01/00000D4931F70006;132340115504341699;2020-05-15;13:19:10.434;application/x-bolt;23109;0546233470;132340115236396000;2020-05-15;13:18:43.640;;;;;;18007;132340115416466000;2020-05-15;13:19:01.647;;;;;;;;131800_0034387098;;;;Camera06;05;EDI+EDI;;Accept;;131800;2232;;123;Departures;;;;;;;;;;;;
D01/00000D4931FD0007;132340115574419944;2020-05-15;13:19:17.442;application/x-bolt;24322;0546233472;132340115306376000;2020-05-15;13:18:50.638;;;;;;18007;132340115486446000;2020-05-15;13:19:08.645;;;;;;;;131800_0034387101;;;;Camera03;08;EDI+EDI;;Accept;;131800;2250;;123;Departures;;;;;;;;;;;;
D01/00000D4932040006;132340115630206314;2020-05-15;13:19:23.021;application/x-bolt;23329;0546233473;132340115362256000;2020-05-15;13:18:56.226;;;;;;18007;132340115542326000;2020-05-15;13:19:14.233;;;;;;;;131800_0034387102;;;;Camera04;03;EDI+EDI;;Accept;;131800;2252;;123;Departures;;;;;;;;;;;;
D01/00000D49320A0007;132340115660821763;2020-05-15;13:19:26.082;application/x-bolt;25060;0523542791;132340115411516000;2020-05-15;13:19:01.152;;;;;;18007;132340115591586000;2020-05-15;13:19:19.159;;;;;;;;132000_0034387108;;;;;;EDI+EDI;;Accept;;132000;2324;;123;Departures;;;;;;;;;;;;
D01/00000D4932110007;132340115744231092;2020-05-15;13:19:34.423;application/x-bolt;25491;0546233474;132340115476216000;2020-05-15;13:19:07.622;;;;;;18008;132340115656296000;2020-05-15;13:19:25.630;;;;;;;;131800_0034387104;;;;;;EDI+EDI;;Accept;;131800;2262;;123;Departures;;;;;;;;;;;;
D01/00000D4932180006;132340115919887087;2020-05-15;13:19:51.989;application/x-bolt;23221;0546233475;132340115651856000;2020-05-15;13:19:25.186;;;;;;18008;132340115831936000;2020-05-15;13:19:43.194;;;;;;;;131800_0034387106;;;;Camera05;03;EDI+EDI;;Accept;;131800;4228;;123;Departures;;;;;;;;;;;;
D01/00000D49321E0007;132340115920907937;2020-05-15;13:19:52.091;application/x-bolt;25494;0523542790;132340115671506000;2020-05-15;13:19:27.151;;;;;;18007;132340115851576000;2020-05-15;13:19:45.158;;;;;;;;132000_0034387109;;;;;;EDI+EDI;;Accept;;132000;2328;;123;Departures;;;;;;;;;;;;
D01/00000D4932250006;132340116041818433;2020-05-15;13:20:04.182;application/x-bolt;23882;0546233476 / 0235522450 / 0235767983;132340115773856000;2020-05-15;13:19:37.386;;;;;;18007;132340115953926000;2020-05-15;13:19:55.393;;;;;;;;131800_0034387107;;;Multiple main barcodes detected;Camera04;03;EDI+EDI;;Accept;;131800;2292;;123;Departures;;;;;;;;;;;;
D01/00000D49322B0007;132340116068490602;2020-05-15;13:20:06.849;application/x-bolt;24627;0523408903;132340115819206000;2020-05-15;13:19:41.921;;;;;;18007;132340115999276000;2020-05-15;13:19:59.928;;;;;;;;132000_0034387110;;;;;;EDI+EDI;;Accept;;132000;2307;;123;Departures;;;;;;;;;;;;
D01/00000D4932320006;132340116353917846;2020-05-15;13:20:35.392;application/x-bolt;24099;0523563526;132340116104646000;2020-05-15;13:20:10.465;;;;;;18006;132340116284706000;2020-05-15;13:20:28.471;;;;;;;;132000_0034387114;;;;Camera02;08;EDI+EDI;;Accept;;132000;2313;;123;Departures;;;;;;;;;;;;
D01/00000D4932380007;132340116394271381;2020-05-15;13:20:39.427;application/x-bolt;24736;0546233477;132340116125926000;2020-05-15;13:20:12.593;;;;;;18036;132340116306286000;2020-05-15;13:20:30.629;;;;;;;;131800_0034387111;;;;;;EDI+EDI;;Accept;;131800;2286;;123;Departures;;;;;;;;;;;;
D01/00000D4932450007;132340116449347159;2020-05-15;13:20:44.935;application/x-bolt;25443;0950728368;132340116167150000;2020-05-15;13:20:16.715;;;;;;18008;132340116347230000;2020-05-15;13:20:34.723;;;;;;;;131900_0034387115;;;;Camera03;12;EDI+EDI;;Accept;;131900;2954;;123;Departures;;;;;;;;;;;;
D01/00000D49323F0006;132340116441280458;2020-05-15;13:20:44.128;application/x-bolt;23061;0546233478;132340116173256000;2020-05-15;13:20:17.326;;;;;;18007;132340116353326000;2020-05-15;13:20:35.333;;;;;;;;131800_0034387113;;;;Camera03;11;EDI+EDI;;Accept;;131800;2302;;123;Departures;;;;;;;;;;;;
D01/00000D49324C0007;132340116522848251;2020-05-15;13:20:52.285;application/x-bolt;25051;0546233479;132340116254746000;2020-05-15;13:20:25.475;;;;;;18008;132340116434826000;2020-05-15;13:20:43.483;;;;;;;;131800_0034387112;;;;;;EDI+EDI;;Accept;;131800;3949;;123;Departures;;;;;;;;;;;;
D01/00000D4932530007;132340116653166569;2020-05-15;13:21:05.317;application/x-bolt;24162;0523396163;132340116403826000;2020-05-15;13:20:40.383;;;;;;18008;132340116583906000;2020-05-15;13:20:58.391;;;;;;;;132000_0034387117;;;;Camera03;07;EDI+EDI;;Accept;;132000;2303;;123;Departures;;;;;;;;;;;;
D01/00000D49325A0007;132340116773496580;2020-05-15;13:21:17.350;application/x-bolt;26510;0523396164;132340116524136000;2020-05-15;13:20:52.414;;;;;;18007;132340116704206000;2020-05-15;13:21:10.421;;;;;;;;132000_0034387121;;;;;;EDI+EDI;;Accept;;132000;2336;;123;Departures;;;;;;;;;;;;
D01/00000D4932680006;132340117070053069;2020-05-15;13:21:47.005;application/x-bolt;23462;0546233480;132340116802166000;2020-05-15;13:21:20.217;;;;;;18007;132340116982236000;2020-05-15;13:21:38.224;;;;;;;;131800_0034387118;;;;Camera03;12;EDI+EDI;;Accept;;131800;2321;;123;Departures;;;;;;;;;;;;
D01/00000D4932610007;132340117057112316;2020-05-15;13:21:45.711;application/x-bolt;24700;0523396165;132340116807726000;2020-05-15;13:21:20.773;;;;;;18006;132340116987786000;2020-05-15;13:21:38.779;;;;;;;;132000_0034387122;;;;;;EDI+EDI;;Accept;;132000;2318;;123;Departures;;;;;;;;;;;;
D01/00000D49326E0007;132340117201432268;2020-05-15;13:22:00.143;application/x-bolt;25534;0523396166;132340116952116000;2020-05-15;13:21:35.212;;;;;;18007;132340117132186000;2020-05-15;13:21:53.219;;;;;;;;132000_0034387123;;;;;;EDI+EDI;;Accept;;132000;4196;;123;Departures;;;;;;;;;;;;
D01/00000D4932750007;132340117343740553;2020-05-15;13:22:14.374;application/x-bolt;24242;0523520782 / 0950683923;132340117094556000;2020-05-15;13:21:49.456;;;;;;18007;132340117274626000;2020-05-15;13:22:07.463;;;;;;;;132000_0034387124;;;Multiple main barcodes detected;;;EDI+EDI;;Accept;;132000;2336;;123;Departures;;;;;;;;;;;;
D01/00000D49327C0006;132340117566245492;2020-05-15;13:22:36.625;application/x-bolt;24111;0950728369;132340117284160000;2020-05-15;13:22:08.416;;;;;;18007;132340117464230000;2020-05-15;13:22:26.423;;;;;;;;131900_0034387125;;;;Camera06;06;EDI+EDI;;Accept;;131900;2490;;123;Departures;;;;;;;;;;;;
D01/00000D4932820006;132340117652657314;2020-05-15;13:22:45.266;application/x-bolt;23096;0523587263;132340117403356000;2020-05-15;13:22:20.336;;;;;;18007;132340117583426000;2020-05-15;13:22:38.343;;;;;;;;132000_0034387126;;;;Camera02;08;EDI+EDI;;Accept;;132000;2338;;123;Departures;;;;;;;;;;;;
D01/00000D4932880007;132340117766041554;2020-05-15;13:22:56.604;application/x-bolt;24847;0950728372 / 0928061007;132340117483980000;2020-05-15;13:22:28.398;;;;;;18008;132340117664060000;2020-05-15;13:22:46.406;;;;;;;;131900_0034387127;;;Multiple main barcodes detected;Camera06;04;EDI+EDI;;Accept;;131900;2491;;123;Departures;;;;;;;;;;;;
D01/00000D49328F0006;132340117829164018;2020-05-15;13:23:02.916;application/x-bolt;24130;0950728371;132340117547070000;2020-05-15;13:22:34.707;;;;;;18008;132340117727150000;2020-05-15;13:22:52.715;;;;;;;;131900_0034387128;;;;Camera06;06;EDI+EDI;;Accept;;131900;2553;;123;Departures;;;;;;;;;;;;
D01/00000D49329C0007;132340118033413784;2020-05-15;13:23:23.341;application/x-bolt;25726;1950728370 / 0950728370;132340117751190000;2020-05-15;13:22:55.119;;;;;;18008;132340117931270000;2020-05-15;13:23:13.127;;;;;;;;131900_0034387131;;;Multiple main barcodes detected;Camera05;03;EDI+EDI;;Accept;;131900;4521;;123;Departures;;;;;;;;;;;;
D01/00000D4932950007;132340118029170262;2020-05-15;13:23:22.917;application/x-bolt;24899;0523350182;132340117779726000;2020-05-15;13:22:57.973;;;;;;18008;132340117959806000;2020-05-15;13:23:15.981;;;;;;;;132000_0034387132;;;;;;EDI+EDI;;Accept;;132000;2343;;123;Departures;;;;;;;;;;;;
D01/00000D4932A30007;132340118062958341;2020-05-15;13:23:26.296;application/x-bolt;24845;0950728373;132340117780870000;2020-05-15;13:22:58.087;;;;;;18009;132340117960960000;2020-05-15;13:23:16.096;;;;;;;;131900_0034387134;;;;;;EDI+EDI;;Accept;;131900;2523;;123;Departures;;;;;;;;;;;;
D01/00000D4932AA0007;132340118085767299;2020-05-15;13:23:28.577;application/x-bolt;24325;0523562575;132340117836496000;2020-05-15;13:23:03.650;;;;;;18008;132340118016576000;2020-05-15;13:23:21.658;;;;;;;;132000_0034387133;;;;Camera04;08;EDI+EDI;;Accept;;132000;2336;;123;Departures;;;;;;;;;;;;
D01/00000D4932B10006;132340118258300704;2020-05-15;13:23:45.830;application/x-bolt;24131;0546233481;132340117990116000;2020-05-15;13:23:19.012;;;;;;18007;132340118170186000;2020-05-15;13:23:37.019;;;;;;;;131800_0034387129;;;;;;EDI+EDI;;Accept;;131800;2337;;123;Departures;;;;;;;;;;;;
D01/00000D4932B70006;132340118314867723;2020-05-15;13:23:51.487;application/x-bolt;23682;0546233482;132340118047006000;2020-05-15;13:23:24.701;;;;;;18008;132340118227086000;2020-05-15;13:23:42.709;;;;;;;;131800_0034387130;;;;Camera04;03;EDI+EDI;;Accept;;131800;2334;;123;Departures;;;;;;;;;;;;
D01/00000D4932BD0007;132340118339187934;2020-05-15;13:23:53.919;application/x-bolt;24273;0523572482;132340118089956000;2020-05-15;13:23:28.996;;;;;;18007;132340118270026000;2020-05-15;13:23:47.003;;;;;;;;132000_0034387136;;;;;;EDI+EDI;;Accept;;132000;2364;;123;Departures;;;;;;;;;;;;
D01/00000D4932C40007;132340118545849709;2020-05-15;13:24:14.585;application/x-bolt;24784;0950728376;132340118263710000;2020-05-15;13:23:46.371;;;;;;18009;132340118443800000;2020-05-15;13:24:04.380;;;;;;;;131900_0034387138;;;;Camera03;03;EDI+EDI;;Accept;;131900;2475;;123;Departures;;;;;;;;;;;;
D01/00000D4932CB0007;132340118631641014;2020-05-15;13:24:23.164;application/x-bolt;26660;0950728375;132340118349470000;2020-05-15;13:23:54.947;;;;;;18008;132340118529550000;2020-05-15;13:24:12.955;;;;;;;;131900_0034387139;;;;;;EDI+EDI;;Accept;;131900;4718;;123;Departures;;;;;;;;;;;;
D01/00000D4932D20007;132340118661015429;2020-05-15;13:24:26.102;application/x-bolt;25279;0546233483;132340118392926000;2020-05-15;13:23:59.293;;;;;;18007;132340118572996000;2020-05-15;13:24:17.300;;;;;;;;131800_0034387135;;;;;;EDI+EDI;;Accept;;131800;2361;;123;Departures;;;;;;;;;;;;
D01/00000D4932D90006;132340118683484106;2020-05-15;13:24:28.348;application/x-bolt;23715;0523504764;132340118434126000;2020-05-15;13:24:03.413;;;;;;18007;132340118614196000;2020-05-15;13:24:21.420;;;;;;;;132000_0034387140;;;;Camera04;08;EDI+EDI;;Accept;;132000;2370;;123;Departures;;;;;;;;;;;;
D01/00000D4932DF0007;132340118769745803;2020-05-15;13:24:36.975;application/x-bolt;26931;0950728374;132340118487660000;2020-05-15;13:24:08.766;;;;;;18008;132340118667740000;2020-05-15;13:24:26.774;;;;;;;;131900_0034387141;;;;;;EDI+EDI;;Accept;;131900;2511;;123;Departures;;;;;;;;;;;;
D01/00000D4932E60007;132340119026238989;2020-05-15;13:25:02.624;application/x-bolt;26610;0523591239;132340118776916000;2020-05-15;13:24:37.692;;;;;;18008;132340118956996000;2020-05-15;13:24:55.700;;;;;;;;132000_0034387142;;;;;;EDI+EDI;;Accept;;132000;2348;;123;Departures;;;;;;;;;;;;
D01/00000D4932ED0006;132340119088110416;2020-05-15;13:25:08.811;application/x-bolt;23649;0950728377;132340118805920000;2020-05-15;13:24:40.592;;;;;;18014;132340118986060000;2020-05-15;13:24:58.606;;;;;;;;131900_0034387144;;;;Camera06;04;EDI+EDI;;Accept;;131900;2543;;123;Departures;;;;;;;;;;;;
D01/00000D4932F30007;132340119140463931;2020-05-15;13:25:14.046;application/x-bolt;25266;0523562577;132340118891156000;2020-05-15;13:24:49.116;;;;;;18007;132340119071226000;2020-05-15;13:25:07.123;;;;;;;;132000_0034387143;;;;;;EDI+EDI;;Accept;;132000;2365;;123;Departures;;;;;;;;;;;;
D01/00000D4932FA0007;132340119438861951;2020-05-15;13:25:43.886;application/x-bolt;24267;0950728378;132340119156690000;2020-05-15;13:25:15.669;;;;;;18008;132340119336770000;2020-05-15;13:25:33.677;;;;;;;;131900_0034387145;;;;;;EDI+EDI;;Accept;;131900;3991;;123;Departures;;;;;;;;;;;;
D01/00000D4933010007;132340119551275386;2020-05-15;13:25:55.128;application/x-bolt;25880;0950728380;132340119269120000;2020-05-15;13:25:26.912;;;;;;18008;132340119449200000;2020-05-15;13:25:44.920;;;;;;;;131900_0034387147;;;;;;EDI+EDI;;Accept;;131900;2523;;123;Departures;;;;;;;;;;;;
D01/00000D4933080006;132340119618351138;2020-05-15;13:26:01.835;application/x-bolt;23771;0523520784;132340119368966000;2020-05-15;13:25:36.897;;;;;;18006;132340119549026000;2020-05-15;13:25:54.903;;;;;;;;132000_0034387146;;;;Camera04;06;EDI+EDI;;Accept;;132000;2519;;123;Departures;;;;;;;;;;;;
D01/00000D49330E0007;132340119727882177;2020-05-15;13:26:12.788;application/x-bolt;25715;0950728379;132340119445620000;2020-05-15;13:25:44.562;;;;;;18008;132340119625700000;2020-05-15;13:26:02.570;;;;;;;;131900_0034387148;;;;;;EDI+EDI;;Accept;;131900;3096;;123;Departures;;;;;;;;;;;;
D01/00000D4933150006;132340119897112833;2020-05-15;13:26:29.711;application/x-bolt;23729;0950728381;132340119614990000;2020-05-15;13:26:01.499;;;;;;18009;132340119795080000;2020-05-15;13:26:19.508;;;;;;;;131900_0034387151;;;;Camera03;03;EDI+EDI;;Accept;;131900;2564;;123;Departures;;;;;;;;;;;;
D01/00000D49331B0006;132340120202456627;2020-05-15;13:27:00.246;application/x-bolt;23704;0546233484;132340119934346000;2020-05-15;13:26:33.435;;;;;;18008;132340120114426000;2020-05-15;13:26:51.443;;;;;;;;131800_0034387149;;;;Camera03;04;EDI+EDI;;Accept;;131800;2253;;123;Departures;;;;;;;;;;;;
D01/00000D4933210006;132340120319804165;2020-05-15;13:27:11.980;application/x-bolt;23667;0546233485 / 0546233441;132340120051736000;2020-05-15;13:26:45.174;;;;;;18006;132340120231796000;2020-05-15;13:27:03.180;;;;;;;;131800_0034387150;;;Multiple main barcodes detected;;;EDI+EDI;;Accept;;131800;4232;;123;Departures;;;;;;;;;;;;
D01/00000D4933270006;132340120363570539;2020-05-15;13:27:16.357;application/x-bolt;22330;0950728382;132340120081390000;2020-05-15;13:26:48.139;;;;;;18008;132340120261470000;2020-05-15;13:27:06.147;;;;;;;;131900_0034387153;;;;;;EDI+EDI;;Accept;;131900;2530;;123;Departures;;;;;;;;;;;;
D01/00000D49332D0007;132340120445758854;2020-05-15;13:27:24.576;application/x-bolt;24405;0950728383;132340120163610000;2020-05-15;13:26:56.361;;;;;;18007;132340120343680000;2020-05-15;13:27:14.368;;;;;;;;131900_0034387155;;;;Camera06;04;EDI+EDI;;Accept;;131900;3282;;123;Departures;;;;;;;;;;;;
D01/00000D4933340007;132340120578879496;2020-05-15;13:27:37.888;application/x-bolt;25325;0546233486;132340120310776000;2020-05-15;13:27:11.078;;;;;;18006;132340120490836000;2020-05-15;13:27:29.084;;;;;;;;131800_0034387152;;;;;;EDI+EDI;;Accept;;131800;2257;;123;Departures;;;;;;;;;;;;
D01/00000D49333B0007;132340120730965908;2020-05-15;13:27:53.097;application/x-bolt;25226;0950728384;132340120448770000;2020-05-15;13:27:24.877;;;;;;18010;132340120628870000;2020-05-15;13:27:42.887;;;;;;;;131900_0034387157;;;;;;EDI+EDI;;Accept;;131900;2779;;123;Departures;;;;;;;;;;;;
D01/00000D493342000A;132340120742835773;2020-05-15;13:27:54.284;application/x-bolt;38436;0368456804;132340120478736000;2020-05-15;13:27:27.874;;;;;;17546;132340120654196000;2020-05-15;13:27:45.420;;;11457;522;;Reject;2549;131800_0034387154;;;"Enrichment ""VCCNoBSM"" cancelled: no requester available";Camera06;05;EDI+VCS;;Cancel;;131800;2266;;123;Departures;;;;;;;;3;Cancelled: no requester available;Cancel;14542;
D01/00000D49334C0007;132340120889837956;2020-05-15;13:28:08.984;application/x-bolt;25926;0546233488;132340120621686000;2020-05-15;13:27:42.169;;;;;;18007;132340120801756000;2020-05-15;13:28:00.176;;;;;;;;131800_0034387156;;;;;;EDI+EDI;;Accept;;131800;2282;;123;Departures;;;;;;;;;;;;
D01/00000D4933530007;132340120898024770;2020-05-15;13:28:09.802;application/x-bolt;24229;0523586256;132340120648586000;2020-05-15;13:27:44.859;;;;;;18007;132340120828656000;2020-05-15;13:28:02.866;;;;;;;;132000_0034387159;;;;;;EDI+EDI;;Accept;;132000;2556;;123;Departures;;;;;;;;;;;;
D01/00000D49335A0007;132340121102855012;2020-05-15;13:28:30.286;application/x-bolt;25255;0950728385;132340120820650000;2020-05-15;13:28:02.065;;;;;;18008;132340121000730000;2020-05-15;13:28:20.073;;;;;;;;131900_0034387161;;;;Camera05;01;EDI+EDI;;Accept;;131900;2550;;123;Departures;;;;;;;;;;;;
D01/00000D4933610007;132340121115045143;2020-05-15;13:28:31.505;application/x-bolt;28061;0546233489;132340120846906000;2020-05-15;13:28:04.691;;;;;;18007;132340121026976000;2020-05-15;13:28:22.698;;;;;;;;131800_0034387158;;;;;;EDI+EDI;;Accept;;131800;4720;;123;Departures;;;;;;;;;;;;
D01/00000D4933680007;132340121442937676;2020-05-15;13:29:04.294;application/x-bolt;24841;0523505737;132340121193586000;2020-05-15;13:28:39.359;;;;;;18008;132340121373666000;2020-05-15;13:28:57.367;;;;;;;;132000_0034387164;;;;;;EDI+EDI;;Accept;;132000;2273;;123;Departures;;;;;;;;;;;;
D01/00000D49336F0008;132340121526607219;2020-05-15;13:29:12.661;application/x-bolt;28427;0523038763;132340121277036000;2020-05-15;13:28:47.704;;;;;;18006;132340121457096000;2020-05-15;13:29:05.710;;;;;;;;132000_0034387168;;;;;;EDI+EDI;;Accept;;132000;3701;;123;Departures;;;;;;;;;;;;
D01/00000D4933770007;132340121591571218;2020-05-15;13:29:19.157;application/x-bolt;24250;0546233490;132340121323456000;2020-05-15;13:28:52.346;;;;;;18007;132340121503526000;2020-05-15;13:29:10.353;;;;;;;;131800_0034387162;;;;;;EDI+EDI;;Accept;;131800;2295;;123;Departures;;;;;;;;;;;;
D01/00000D49337E0007;132340121631154117;2020-05-15;13:29:23.115;application/x-bolt;27107;0950728386;132340121348810000;2020-05-15;13:28:54.881;;;;;;18008;132340121528890000;2020-05-15;13:29:12.889;;;;;;;;131900_0034387171;;;;;;EDI+EDI;;Accept;;131900;4758;;123;Departures;;;;;;;;;;;;
D01/00000D4933850007;132340121642903879;2020-05-15;13:29:24.290;application/x-bolt;24770;0546233491;132340121375016000;2020-05-15;13:28:57.502;;;;;;18007;132340121555086000;2020-05-15;13:29:15.509;;;;;;;;131800_0034387163;;;;;;EDI+EDI;;Accept;;131800;2293;;123;Departures;;;;;;;;;;;;
D01/00000D49338C0006;132340121676161525;2020-05-15;13:29:27.616;application/x-bolt;24128;0523438928;132340121426656000;2020-05-15;13:29:02.666;;;;;;18009;132340121606746000;2020-05-15;13:29:20.675;;;;;;;;132000_0034387169;;;;Camera02;09;EDI+EDI;;Accept;;132000;2314;;123;Departures;;;;;;;;;;;;
D01/00000D4933920006;132340121750233090;2020-05-15;13:29:35.023;application/x-bolt;24038;0523505740;132340121500976000;2020-05-15;13:29:10.098;;;;;;18007;132340121681046000;2020-05-15;13:29:28.105;;;;;;;;132000_0034387174;;;;Camera01;09;EDI+EDI;;Accept;;132000;2282;;123;Departures;;;;;;;;;;;;
D01/00000D49339E0006;132340121789815988;2020-05-15;13:29:38.982;application/x-bolt;23030;0546233492;132340121521786000;2020-05-15;13:29:12.179;;;;;;18007;132340121701856000;2020-05-15;13:29:30.186;;;;;;;;131800_0034387166;;;;Camera05;03;EDI+EDI;;Accept;;131800;2292;;123;Departures;;;;;;;;;;;;
D01/00000D4933980006;132340121785682556;2020-05-15;13:29:38.568;application/x-bolt;23967;0523038764;132340121536286000;2020-05-15;13:29:13.629;;;;;;18007;132340121716356000;2020-05-15;13:29:31.636;;;;;;;;132000_0034387173;;;;Camera05;01;EDI+EDI;;Accept;;132000;2301;;123;Departures;;;;;;;;;;;;
D01/00000D4933A40007;132340121813495671;2020-05-15;13:29:41.350;application/x-bolt;24263;0546233494;132340121545406000;2020-05-15;13:29:14.541;;;;;;18007;132340121725476000;2020-05-15;13:29:32.548;;;;;;;;131800_0034387165;;;;;;EDI+EDI;;Accept;;131800;2293;;123;Departures;;;;;;;;;;;;
D01/00000D4933AB0007;132340122045478491;2020-05-15;13:30:04.548;application/x-bolt;24631;0546233493;132340121777446000;2020-05-15;13:29:37.745;;;;;;18006;132340121957506000;2020-05-15;13:29:55.751;;;;;;;;131800_0034387170;;;;;;EDI+EDI;;Accept;;131800;2297;;123;Departures;;;;;;;;;;;;
D01/00000D4933B20006;132340122277301173;2020-05-15;13:30:27.730;application/x-bolt;23774;0950728387;132340121994950000;2020-05-15;13:29:59.495;;;;;;18008;132340122175030000;2020-05-15;13:30:17.503;;;;;;;;131900_0034387177;;;;Camera05;09;EDI+EDI;;Accept;;131900;2497;;123;Departures;;;;;;;;;;;;
D01/00000D4933B80007;132340122412193293;2020-05-15;13:30:41.219;application/x-bolt;24292;0235975533 / 0235445244;132340122129940000;2020-05-15;13:30:12.994;;;;;;18008;132340122310020000;2020-05-15;13:30:31.002;;;;;;;;131900_0034387176;;;Multiple main barcodes detected;;;EDI+EDI;;Accept;;131900;2489;;123;Departures;;;;;;;;;;;;
D01/00000D4933C50007;132340122523245596;2020-05-15;13:30:52.325;application/x-bolt;25247;0235975531;132340122240990000;2020-05-15;13:30:24.099;;;;;;18009;132340122421080000;2020-05-15;13:30:42.108;;;;;;;;131900_0034387175;;;;Camera02;10;EDI+EDI;;Accept;;131900;3532;;123;Departures;;;;;;;;;;;;
D01/00000D4933BF0006;132340122496833642;2020-05-15;13:30:49.683;application/x-bolt;22540;0523552549;132340122247406000;2020-05-15;13:30:24.741;;;;;;18007;132340122427476000;2020-05-15;13:30:42.748;;;;;;;;132000_0034387181;;;;Camera02;08;EDI+EDI;;Accept;;132000;2284;;123;Departures;;;;;;;;;;;;
D01/00000D4933CC0007;132340122635328756;2020-05-15;13:31:03.533;application/x-bolt;24649;0235975534;132340122353100000;2020-05-15;13:30:35.310;;;;;;18009;132340122533190000;2020-05-15;13:30:53.319;;;;;;;;131900_0034387179;;;;;;EDI+EDI;;Accept;;131900;4349;;123;Departures;;;;;;;;;;;;
D01/00000D4933D30007;132340122910847759;2020-05-15;13:31:31.085;application/x-bolt;27161;0950728388;132340122628560000;2020-05-15;13:31:02.856;;;;;;18007;132340122808630000;2020-05-15;13:31:20.863;;;;;;;;131900_0034387182;;;;;;EDI+EDI;;Accept;;131900;2526;;123;Departures;;;;;;;;;;;;
D01/00000D4933DA0007;132340122967855141;2020-05-15;13:31:36.786;application/x-bolt;24733;0950728389;132340122685630000;2020-05-15;13:31:08.563;;;;;;18007;132340122865700000;2020-05-15;13:31:26.570;;;;;;;;131900_0034387183;;;;Camera05;03;EDI+EDI;;Accept;;131900;2541;;123;Departures;;;;;;;;;;;;
D01/00000D4933E10006;132340123122093338;2020-05-15;13:31:52.209;application/x-bolt;23959;0546233495;132340122853926000;2020-05-15;13:31:25.393;;;;;;18007;132340123033996000;2020-05-15;13:31:43.400;;;;;;;;131800_0034387180;;;;;;EDI+EDI;;Accept;;131800;4031;;123;Departures;;;;;;;;;;;;
D01/00000D4933E70006;132340123166109924;2020-05-15;13:31:56.611;application/x-bolt;22405;0235975532;132340122884000000;2020-05-15;13:31:28.400;;;;;;18007;132340123064070000;2020-05-15;13:31:46.407;;;;;;;;131900_0034387184;;;;;;EDI+EDI;;Accept;;131900;2540;;123;Departures;;;;;;;;;;;;
D01/00000D4933ED0007;132340123455760670;2020-05-15;13:32:25.576;application/x-bolt;25071;0950728390;132340123173550000;2020-05-15;13:31:57.355;;;;;;18008;132340123353630000;2020-05-15;13:32:15.363;;;;;;;;131900_0034387190;;;;Camera06;03;EDI+EDI;;Accept;;131900;2546;;123;Departures;;;;;;;;;;;;
D01/00000D4933F40007;132340123465688926;2020-05-15;13:32:26.569;application/x-bolt;25327;0546233496;132340123197516000;2020-05-15;13:31:59.752;;;;;;18007;132340123377586000;2020-05-15;13:32:17.759;;;;;;;;131800_0034387186;;;;;;EDI+EDI;;Accept;;131800;2333;;123;Departures;;;;;;;;;;;;
D01/00000D4933FB0007;132340123526449424;2020-05-15;13:32:32.645;application/x-bolt;24775;0546233497;132340123257766000;2020-05-15;13:32:05.777;;;;;;18086;132340123438626000;2020-05-15;13:32:23.863;;;;;;;;131800_0034387188;;;;;;EDI+EDI;;Accept;;131800;2314;;123;Departures;;;;;;;;;;;;
D01/00000D4934020007;132340123655456655;2020-05-15;13:32:45.546;application/x-bolt;28112;0950728391;132340123373180000;2020-05-15;13:32:17.318;;;;;;18007;132340123553250000;2020-05-15;13:32:35.325;;;;;;;;131900_0034387191;;;;;;EDI+EDI;;Accept;;131900;2542;;123;Departures;;;;;;;;;;;;
D01/00000D4934090007;132340123856053383;2020-05-15;13:33:05.605;application/x-bolt;24372;0148465044 / 0950728393;132340123573690000;2020-05-15;13:32:37.369;;;;;;18008;132340123753770000;2020-05-15;13:32:55.377;;;;;;;;131900_0034387193;;;Multiple main barcodes detected;Camera06;03;EDI+EDI;;Accept;;131900;2515;;123;Departures;;;;;;;;;;;;
D01/00000D4934100007;132340124026685211;2020-05-15;13:33:22.669;application/x-bolt;25067;0950728394;132340123744400000;2020-05-15;13:32:54.440;;;;;;18007;132340123924470000;2020-05-15;13:33:12.447;;;;;;;;131900_0034387196;;;;Camera06;03;EDI+EDI;;Accept;;131900;5397;;123;Departures;;;;;;;;;;;;
D01/00000D4934170007;132340124048663476;2020-05-15;13:33:24.866;application/x-bolt;27960;0235975535;132340123766390000;2020-05-15;13:32:56.639;;;;;;18007;132340123946460000;2020-05-15;13:33:14.646;;;;;;;;131900_0034387192;;;;;;EDI+EDI;;Accept;;131900;3516;;123;Departures;;;;;;;;;;;;
D01/00000D4934250007;132340124171795820;2020-05-15;13:33:37.180;application/x-bolt;25272;0950728392;132340123889390000;2020-05-15;13:33:08.939;;;;;;18008;132340124069470000;2020-05-15;13:33:26.947;;;;;;;;131900_0034387198;;;;Camera04;03;EDI+EDI;;Accept;;131900;2572;;123;Departures;;;;;;;;;;;;
D01/00000D49341E0007;132340124169854203;2020-05-15;13:33:36.985;application/x-bolt;28118;0523572483;132340123920406000;2020-05-15;13:33:12.041;;;;;;18007;132340124100476000;2020-05-15;13:33:30.048;;;;;;;;132000_0034387195;;;;;;EDI+EDI;;Accept;;132000;2286;;123;Departures;;;;;;;;;;;;
D01/00000D49342C0007;132340124244806500;2020-05-15;13:33:44.481;application/x-bolt;24502;0235975536;132340123962540000;2020-05-15;13:33:16.254;;;;;;18007;132340124142610000;2020-05-15;13:33:34.261;;;;;;;;131900_0034387197;;;;Camera02;13;EDI+EDI;;Accept;;131900;3384;;123;Departures;;;;;;;;;;;;
D01/00000D4934330007;132340124343738732;2020-05-15;13:33:54.374;application/x-bolt;26718;0950728396;132340124061590000;2020-05-15;13:33:26.159;;;;;;18007;132340124241660000;2020-05-15;13:33:44.166;;;;;;;;131900_0034387202;;;;;;EDI+EDI;;Accept;;131900;2614;;123;Departures;;;;;;;;;;;;
D01/00000D49343A0007;132340124375164850;2020-05-15;13:33:57.516;application/x-bolt;26568;0950728395;132340124091930000;2020-05-15;13:33:29.193;;;;;;18099;132340124272920000;2020-05-15;13:33:47.292;;;;;;;;131900_0034387201;;;;;;EDI+EDI;;Accept;;131900;2630;;123;Departures;;;;;;;;;;;;
D01/00000D4934410006;132340124387354985;2020-05-15;13:33:58.735;application/x-bolt;23535;0546233498;132340124119196000;2020-05-15;13:33:31.920;;;;;;18008;132340124299276000;2020-05-15;13:33:49.928;;;;;;;;131800_0034387194;;;;Camera05;03;EDI+EDI;;Accept;;131800;2302;;123;Departures;;;;;;;;;;;;
D01/00000D4934470006;132340124420672677;2020-05-15;13:34:02.067;application/x-bolt;21134;0523572484;132340124171306000;2020-05-15;13:33:37.131;;;;;;18007;132340124351376000;2020-05-15;13:33:55.138;;;;;;;;132000_0034387199;;;;;;EDI+EDI;;Accept;;132000;2293;;123;Departures;;;;;;;;;;;;
D01/00000D49344D0007;132340124511107847;2020-05-15;13:34:11.111;application/x-bolt;27724;0235975537;132340124228860000;2020-05-15;13:33:42.886;;;;;;18007;132340124408930000;2020-05-15;13:34:00.893;;;;;;;;131900_0034387200;;;;;;EDI+EDI;;Accept;;131900;2623;;123;Departures;;;;;;;;;;;;
D01/00000D4934540007;132340124542113612;2020-05-15;13:34:14.211;application/x-bolt;24756;0950728397;132340124259250000;2020-05-15;13:33:45.925;;;;;;18071;132340124439960000;2020-05-15;13:34:03.996;;;;;;;;131900_0034387204;;;;;;EDI+EDI;;Accept;;131900;2728;;123;Departures;;;;;;;;;;;;
D01/00000D49345B0007;132340124568325401;2020-05-15;13:34:16.833;application/x-bolt;24921;0235975538;132340124286040000;2020-05-15;13:33:48.604;;;;;;18008;132340124466120000;2020-05-15;13:34:06.612;;;;;;;;131900_0034387203;;;;Camera02;12;EDI+EDI;;Accept;;131900;2609;;123;Departures;;;;;;;;;;;;
D01/00000D4934620006;132340124682280115;2020-05-15;13:34:28.228;application/x-bolt;22313;0523561589;132340124432966000;2020-05-15;13:34:03.297;;;;;;18007;132340124613036000;2020-05-15;13:34:21.304;;;;;;;;132000_0034387205;;;;Camera05;08;EDI+EDI;;Accept;;132000;2285;;123;Departures;;;;;;;;;;;;
D01/00000D4934680007;132340124742800419;2020-05-15;13:34:34.280;application/x-bolt;27346;0950728398;132340124460490000;2020-05-15;13:34:06.049;;;;;;18008;132340124640570000;2020-05-15;13:34:24.057;;;;;;;;131900_0034387206;;;;;;EDI+EDI;;Accept;;131900;2624;;123;Departures;;;;;;;;;;;;
D01/00000D49346F0007;132340125060924833;2020-05-15;13:35:06.092;application/x-bolt;27472;0235975539 / 5006501173;132340124778570000;2020-05-15;13:34:37.857;;;;;;18008;132340124958650000;2020-05-15;13:34:55.865;;;;;;;;131900_0034387207;;;Multiple main barcodes detected;;;EDI+EDI;;Accept;;131900;2679;;123;Departures;;;;;;;;;;;;
D01/00000D4934760007;132340125119373413;2020-05-15;13:35:11.937;application/x-bolt;26682;0950728399;132340124837150000;2020-05-15;13:34:43.715;;;;;;18007;132340125017220000;2020-05-15;13:35:01.722;;;;;;;;131900_0034387212;;;;;;EDI+EDI;;Accept;;131900;2679;;123;Departures;;;;;;;;;;;;
D01/00000D49347D0006;132340125361654790;2020-05-15;13:35:36.165;application/x-bolt;24078;0546233499 / 0546233487;132340125093566000;2020-05-15;13:35:09.357;;;;;;18007;132340125273636000;2020-05-15;13:35:27.364;;;;;;;;131800_0034387208;;;Multiple main barcodes detected;Camera03;03;EDI+EDI;;Accept;;131800;2275;;123;Departures;;;;;;;;;;;;
D01/00000D4934890007;132340125428790593;2020-05-15;13:35:42.879;application/x-bolt;25278;0235975542;132340125146480000;2020-05-15;13:35:14.648;;;;;;18007;132340125326550000;2020-05-15;13:35:32.655;;;;;;;;131900_0034387213;;;;Camera03;10;EDI+EDI;;Accept;;131900;4988;;123;Departures;;;;;;;;;;;;
D01/00000D4934830006;132340125419532897;2020-05-15;13:35:41.953;application/x-bolt;23746;0546233501;132340125151276000;2020-05-15;13:35:15.128;;;;;;18019;132340125331466000;2020-05-15;13:35:33.147;;;;;;;;131800_0034387209;;;;Camera05;03;EDI+EDI;;Accept;;131800;2261;;123;Departures;;;;;;;;;;;;
D01/00000D4934900006;132340125480513584;2020-05-15;13:35:48.051;application/x-bolt;23593;0546233500;132340125212286000;2020-05-15;13:35:21.229;;;;;;18018;132340125392466000;2020-05-15;13:35:39.247;;;;;;;;131800_0034387210;;;;Camera01;06;EDI+EDI;;Accept;;131800;2267;;123;Departures;;;;;;;;;;;;
D01/00000D4934960007;132340125511149044;2020-05-15;13:35:51.115;application/x-bolt;24563;0235975540;132340125228880000;2020-05-15;13:35:22.888;;;;;;18008;132340125408960000;2020-05-15;13:35:40.896;;;;;;;;131900_0034387214;;;;Camera05;03;EDI+EDI;;Accept;;131900;2737;;123;Departures;;;;;;;;;;;;
D01/00000D4934A30006;132340125540263245;2020-05-15;13:35:54.026;application/x-bolt;23623;0950728401;132340125257990000;2020-05-15;13:35:25.799;;;;;;18008;132340125438070000;2020-05-15;13:35:43.807;;;;;;;;131900_0034387216;;;;Camera06;04;EDI+EDI;;Accept;;131900;2675;;123;Departures;;;;;;;;;;;;
D01/00000D49349D0006;132340125530675274;2020-05-15;13:35:53.068;application/x-bolt;23853;0546233502;132340125262566000;2020-05-15;13:35:26.257;;;;;;18008;132340125442646000;2020-05-15;13:35:44.265;;;;;;;;131800_0034387211;;;;;;EDI+EDI;;Accept;;131800;2275;;123;Departures;;;;;;;;;;;;
D01/00000D4934A90007;132340125652236316;2020-05-15;13:36:05.224;application/x-bolt;26420;0235975541;132340125369980000;2020-05-15;13:35:36.998;;;;;;18008;132340125550060000;2020-05-15;13:35:55.006;;;;;;;;131900_0034387215;;;;;;EDI+EDI;;Accept;;131900;2661;;123;Departures;;;;;;;;;;;;
D01/00000D4934B00006;132340125795995802;2020-05-15;13:36:19.600;application/x-bolt;22475;0235975543;132340125513790000;2020-05-15;13:35:51.379;;;;;;18008;132340125693870000;2020-05-15;13:36:09.387;;;;;;;;131900_0034387219;;;;;;EDI+EDI;;Accept;;131900;2670;;123;Departures;;;;;;;;;;;;
D01/00000D4934B60006;132340125896166605;2020-05-15;13:36:29.617;application/x-bolt;21253;0546233503;132340125627906000;2020-05-15;13:36:02.791;;;;;;18008;132340125807986000;2020-05-15;13:36:20.799;;;;;;;;131800_0034387217;;;;;;EDI+EDI;;Accept;;131800;2290;;123;Departures;;;;;;;;;;;;
D01/00000D4934BC0007;132340125955673901;2020-05-15;13:36:35.567;application/x-bolt;25965;0546233504;132340125687516000;2020-05-15;13:36:08.752;;;;;;18007;132340125867586000;2020-05-15;13:36:26.759;;;;;;;;131800_0034387218;;;;;;EDI+EDI;;Accept;;131800;2285;;123;Departures;;;;;;;;;;;;
D01/00000D4934C30007;132340126207932018;2020-05-15;13:37:00.793;application/x-bolt;25512;0950728402;132340125925590000;2020-05-15;13:36:32.559;;;;;;18008;132340126105670000;2020-05-15;13:36:50.567;;;;;;;;131900_0034387223;;;;Camera03;08;EDI+EDI;;Accept;;131900;2675;;123;Departures;;;;;;;;;;;;
D01/00000D4934CA0006;132340126497783695;2020-05-15;13:37:29.778;application/x-bolt;21444;0546233505;132340126229726000;2020-05-15;13:37:02.973;;;;;;18006;132340126409786000;2020-05-15;13:37:20.979;;;;;;;;131800_0034387222;;;;;;EDI+EDI;;Accept;;131800;2309;;123;Departures;;;;;;;;;;;;
D01/00000D4934D00006;132340126669181125;2020-05-15;13:37:46.918;application/x-bolt;23660;0546233506;132340126401136000;2020-05-15;13:37:20.114;;;;;;18006;132340126581196000;2020-05-15;13:37:38.120;;;;;;;;131800_0034387224;;;;Camera03;08;EDI+EDI;;Accept;;131800;2309;;123;Departures;;;;;;;;;;;;
D01/00000D4934D60007;132340126785183834;2020-05-15;13:37:58.518;application/x-bolt;24198;0546233507;132340126517206000;2020-05-15;13:37:31.721;;;;;;18006;132340126697266000;2020-05-15;13:37:49.727;;;;;;;;131800_0034387226;;;;;;EDI+EDI;;Accept;;131800;2321;;123;Departures;;;;;;;;;;;;
D01/00000D4934DD0007;132340126812100704;2020-05-15;13:38:01.210;application/x-bolt;25679;0546233509;132340126544276000;2020-05-15;13:37:34.428;;;;;;18007;132340126724346000;2020-05-15;13:37:52.435;;;;;;;;131800_0034387225;;;;;;EDI+EDI;;Accept;;131800;2314;;123;Departures;;;;;;;;;;;;
D01/00000D4934E40007;132340126902367284;2020-05-15;13:38:10.237;application/x-bolt;25678;0546233510;132340126634626000;2020-05-15;13:37:43.463;;;;;;18007;132340126814696000;2020-05-15;13:38:01.470;;;;;;;;131800_0034387227;;;;;;EDI+EDI;;Accept;;131800;2328;;123;Departures;;;;;;;;;;;;
D01/00000D4934EB0006;132340126936198491;2020-05-15;13:38:13.620;application/x-bolt;22724;0546233512;132340126668266000;2020-05-15;13:37:46.827;;;;;;18007;132340126848336000;2020-05-15;13:38:04.834;;;;;;;;131800_0034387228;;;;Camera04;06;EDI+EDI;;Accept;;131800;2368;;123;Departures;;;;;;;;;;;;
D01/00000D4934F10007;132340126981556918;2020-05-15;13:38:18.156;application/x-bolt;26242;0950728403;132340126699470000;2020-05-15;13:37:49.947;;;;;;18006;132340126879530000;2020-05-15;13:38:07.953;;;;;;;;131900_0034387232;;;;;;EDI+EDI;;Accept;;131900;2628;;123;Departures;;;;;;;;;;;;
D01/00000D4934F80006;132340126998767706;2020-05-15;13:38:19.877;application/x-bolt;22877;0546233508;132340126730856000;2020-05-15;13:37:53.086;;;;;;18007;132340126910926000;2020-05-15;13:38:11.093;;;;;;;;131800_0034387230;;;;Camera01;10;EDI+EDI;;Accept;;131800;2441;;123;Departures;;;;;;;;;;;;
D01/00000D4934FE0007;132340127044016071;2020-05-15;13:38:24.402;application/x-bolt;25679;0950728404;132340126761960000;2020-05-15;13:37:56.196;;;;;;18008;132340126942040000;2020-05-15;13:38:14.204;;;;;;;;131900_0034387233;;;;;;EDI+EDI;;Accept;;131900;2605;;123;Departures;;;;;;;;;;;;
D01/00000D4935050007;132340127051570804;2020-05-15;13:38:25.157;application/x-bolt;24405;0546233511;132340126783626000;2020-05-15;13:37:58.363;;;;;;18008;132340126963706000;2020-05-15;13:38:16.371;;;;;;;;131800_0034387229;;;;;;EDI+EDI;;Accept;;131800;2366;;123;Departures;;;;;;;;;;;;
D01/00000D4935120007;132340127131010594;2020-05-15;13:38:33.101;application/x-bolt;24638;0950728405;132340126849310000;2020-05-15;13:38:04.931;;;;;;18007;132340127029380000;2020-05-15;13:38:22.938;;;;;;;;131900_0034387236;;;;;;EDI+EDI;;Accept;;131900;2733;;123;Departures;;;;;;;;;;;;
D01/00000D49350C0006;132340127129229479;2020-05-15;13:38:32.923;application/x-bolt;23150;0546233513;132340126861356000;2020-05-15;13:38:06.136;;;;;;18007;132340127041426000;2020-05-15;13:38:24.143;;;;;;;;131800_0034387231;;;;Camera05;03;EDI+EDI;;Accept;;131800;3285;;123;Departures;;;;;;;;;;;;
D01/00000D4935190007;132340127445447681;2020-05-15;13:39:04.545;application/x-bolt;26515;0546233514;132340127177466000;2020-05-15;13:38:37.747;;;;;;18008;132340127357546000;2020-05-15;13:38:55.755;;;;;;;;131800_0034387234;;;;;;EDI+EDI;;Accept;;131800;2388;;123;Departures;;;;;;;;;;;;
D01/00000D4935200006;132340127566673662;2020-05-15;13:39:16.667;application/x-bolt;24039;0546233515;132340127298766000;2020-05-15;13:38:49.877;;;;;;18007;132340127478836000;2020-05-15;13:39:07.884;;;;;;;;131800_0034387235;;;;Camera02;11;EDI+EDI;;Accept;;131800;2400;;123;Departures;;;;;;;;;;;;
D01/00000D4935260006;132340127784059920;2020-05-15;13:39:38.406;application/x-bolt;23934;0546233517;132340127516256000;2020-05-15;13:39:11.626;;;;;;18007;132340127696326000;2020-05-15;13:39:29.633;;;;;;;;131800_0034387237;;;;Camera02;07;EDI+EDI;;Accept;;131800;2409;;123;Departures;;;;;;;;;;;;
D01/00000D49352C0006;132340127847189491;2020-05-15;13:39:44.719;application/x-bolt;23581;0546233516;132340127579396000;2020-05-15;13:39:17.940;;;;;;18007;132340127759466000;2020-05-15;13:39:35.947;;;;;;;;131800_0034387238;;;;Camera04;03;EDI+EDI;;Accept;;131800;2396;;123;Departures;;;;;;;;;;;;
D01/00000D4935320007;132340128020428074;2020-05-15;13:40:02.043;application/x-bolt;27191;0950728406;132340127738540000;2020-05-15;13:39:33.854;;;;;;18008;132340127918620000;2020-05-15;13:39:51.862;;;;;;;;131900_0034387240;;;;;;EDI+EDI;;Accept;;131900;2581;;123;Departures;;;;;;;;;;;;
D01/00000D4935390007;132340128104040479;2020-05-15;13:40:10.404;application/x-bolt;24182;0950728409;132340127822260000;2020-05-15;13:39:42.226;;;;;;18008;132340128002340000;2020-05-15;13:40:00.234;;;;;;;;131900_0034387241;;;;Camera02;09;EDI+EDI;;Accept;;131900;2564;;123;Departures;;;;;;;;;;;;
D01/00000D4935400006;132340128106952308;2020-05-15;13:40:10.695;application/x-bolt;23821;0546233518;132340127839136000;2020-05-15;13:39:43.914;;;;;;18007;132340128019206000;2020-05-15;13:40:01.921;;;;;;;;131800_0034387239;;;;Camera04;03;EDI+EDI;;Accept;;131800;2417;;123;Departures;;;;;;;;;;;;
D01/00000D4935460007;132340128187903046;2020-05-15;13:40:18.790;application/x-bolt;24201;0950728407;132340127906020000;2020-05-15;13:39:50.602;;;;;;18008;132340128086100000;2020-05-15;13:40:08.610;;;;;;;;131900_0034387242;;;;Camera06;08;EDI+EDI;;Accept;;131900;2567;;123;Departures;;;;;;;;;;;;
D01/00000D49354D0007;132340128560286453;2020-05-15;13:40:56.029;application/x-bolt;27605;0950728410;132340128278370000;2020-05-15;13:40:27.837;;;;;;18008;132340128458450000;2020-05-15;13:40:45.845;;;;;;;;131900_0034387243;;;;;;EDI+EDI;;Accept;;131900;2586;;123;Departures;;;;;;;;;;;;
D01/00000D4935540007;132340128704386773;2020-05-15;13:41:10.439;application/x-bolt;27306;0950728411;132340128422620000;2020-05-15;13:40:42.262;;;;;;18009;132340128602710000;2020-05-15;13:41:00.271;;;;;;;;131900_0034387245;;;;;;EDI+EDI;;Accept;;131900;2518;;123;Departures;;;;;;;;;;;;
D01/00000D49355B0007;132340129042889308;2020-05-15;13:41:44.289;application/x-bolt;25266;0546233522;132340128775186000;2020-05-15;13:41:17.519;;;;;;18008;132340128955266000;2020-05-15;13:41:35.527;;;;;;;;131800_0034387244;;;;;;EDI+EDI;;Accept;;131800;2374;;123;Departures;;;;;;;;;;;;
D01/00000D4935620007;132340129271902121;2020-05-15;13:42:07.190;application/x-bolt;24647;0546233521;132340129004496000;2020-05-15;13:41:40.450;;;;;;18007;132340129184566000;2020-05-15;13:41:58.457;;;;;;;;131800_0034387246;;;;;;EDI+EDI;;Accept;;131800;2383;;123;Departures;;;;;;;;;;;;
D01/00000D4935690006;132340129300383614;2020-05-15;13:42:10.038;application/x-bolt;23474;0546233523;132340129032996000;2020-05-15;13:41:43.300;;;;;;18007;132340129213066000;2020-05-15;13:42:01.307;;;;;;;;131800_0034387247;;;;Camera03;06;EDI+EDI;;Accept;;131800;2407;;123;Departures;;;;;;;;;;;;
D01/00000D49356F0006;132340129330396257;2020-05-15;13:42:13.040;application/x-bolt;21234;0546233520;132340129062876000;2020-05-15;13:41:46.288;;;;;;18007;132340129242946000;2020-05-15;13:42:04.295;;;;;;;;131800_0034387248;;;;;;EDI+EDI;;Accept;;131800;2398;;123;Departures;;;;;;;;;;;;
D01/00000D4935750007;132340129384316947;2020-05-15;13:42:18.432;application/x-bolt;24527;0546233519;132340129116746000;2020-05-15;13:41:51.675;;;;;;18008;132340129296826000;2020-05-15;13:42:09.683;;;;;;;;131800_0034387249;;;;Camera03;10;EDI+EDI;;Accept;;131800;2411;;123;Departures;;;;;;;;;;;;
D01/00000D49357C0007;132340129528846006;2020-05-15;13:42:32.885;application/x-bolt;24412;0546233524;132340129261316000;2020-05-15;13:42:06.132;;;;;;18006;132340129441376000;2020-05-15;13:42:24.138;;;;;;;;131800_0034387250;;;;Camera05;01;EDI+EDI;;Accept;;131800;3280;;123;Departures;;;;;;;;;;;;
D01/00000D4935830006;132340129652579376;2020-05-15;13:42:45.258;application/x-bolt;22428;0523436941;132340129403926000;2020-05-15;13:42:20.393;;;;;;18006;132340129583986000;2020-05-15;13:42:38.399;;;;;;;;132000_0034387252;;;;Camera04;10;EDI+EDI;;Accept;;132000;2229;;123;Departures;;;;;;;;;;;;
D01/00000D4935890007;132340129738444166;2020-05-15;13:42:53.844;application/x-bolt;24943;0950728412;132340129456700000;2020-05-15;13:42:25.670;;;;;;18007;132340129636770000;2020-05-15;13:42:43.677;;;;;;;;131900_0034387256;;;;Camera06;03;EDI+EDI;;Accept;;131900;2475;;123;Departures;;;;;;;;;;;;
D01/00000D4935900007;132340129766335216;2020-05-15;13:42:56.634;application/x-bolt;26134;0523528871;132340129517506000;2020-05-15;13:42:31.751;;;;;;18007;132340129697576000;2020-05-15;13:42:49.758;;;;;;;;132000_0034387253;;;;;;EDI+EDI;;Accept;;132000;2215;;123;Departures;;;;;;;;;;;;
D01/00000D4935970006;132340129819475311;2020-05-15;13:43:01.948;application/x-bolt;23816;0546233525;132340129551986000;2020-05-15;13:42:35.199;;;;;;18007;132340129732056000;2020-05-15;13:42:53.206;;;;;;;;131800_0034387251;;;;Camera05;03;EDI+EDI;;Accept;;131800;2406;;123;Departures;;;;;;;;;;;;
D01/00000D4935A40007;132340129911294597;2020-05-15;13:43:11.129;application/x-bolt;25783;0235975545;132340129629650000;2020-05-15;13:42:42.965;;;;;;18007;132340129809720000;2020-05-15;13:43:00.972;;;;;;;;131900_0034387254;;;;Camera06;05;EDI+EDI;;Accept;;131900;2498;;123;Departures;;;;;;;;;;;;
D01/00000D49359D0007;132340129881151854;2020-05-15;13:43:08.115;application/x-bolt;24767;0523520785 / 0523520385;132340129632386000;2020-05-15;13:42:43.239;;;;;;18008;132340129812466000;2020-05-15;13:43:01.247;;;;;;;;132000_0034387258;;;Multiple main barcodes detected;;;EDI+EDI;;Accept;;132000;2231;;123;Departures;;;;;;;;;;;;
D01/00000D4935AB0007;132340129916518543;2020-05-15;13:43:11.652;application/x-bolt;24758;0523436942;132340129667756000;2020-05-15;13:42:46.776;;;;;;18006;132340129847816000;2020-05-15;13:43:04.782;;;;;;;;132000_0034387260;;;;Camera05;03;EDI+EDI;;Accept;;132000;2262;;123;Departures;;;;;;;;;;;;
D01/00000D4935B20007;132340129949203205;2020-05-15;13:43:14.920;application/x-bolt;25757;0523589246;132340129700446000;2020-05-15;13:42:50.045;;;;;;18007;132340129880516000;2020-05-15;13:43:08.052;;;;;;;;132000_0034387259;;;;;;EDI+EDI;;Accept;;132000;2241;;123;Departures;;;;;;;;;;;;
D01/00000D4935C00007;132340130001692810;2020-05-15;13:43:20.169;application/x-bolt;25592;0235975546;132340129719990000;2020-05-15;13:42:51.999;;;;;;18008;132340129900070000;2020-05-15;13:43:10.007;;;;;;;;131900_0034387257;;;;Camera06;05;EDI+EDI;;Accept;;131900;2550;;123;Departures;;;;;;;;;;;;
D01/00000D4935B90007;132340129978535337;2020-05-15;13:43:17.854;application/x-bolt;24741;0523520786;132340129730086000;2020-05-15;13:42:53.009;;;;;;18008;132340129910166000;2020-05-15;13:43:11.017;;;;;;;;132000_0034387261;;;;;;EDI+EDI;;Accept;;132000;2264;;123;Departures;;;;;;;;;;;;
D01/00000D4935C70007;132340130026991910;2020-05-15;13:43:22.699;application/x-bolt;24557;0235975544;132340129745310000;2020-05-15;13:42:54.531;;;;;;18008;132340129925390000;2020-05-15;13:43:12.539;;;;;;;;131900_0034387255;;;;Camera03;05;EDI+EDI;;Accept;;131900;2530;;123;Departures;;;;;;;;;;;;
D01/00000D4935CE0007;132340130199211855;2020-05-15;13:43:39.921;application/x-bolt;26188;0950728413;132340129917580000;2020-05-15;13:43:11.758;;;;;;18008;132340130097660000;2020-05-15;13:43:29.766;;;;;;;;131900_0034387265;;;;;;EDI+EDI;;Accept;;131900;2543;;123;Departures;;;;;;;;;;;;
D01/00000D4935D50007;132340130208488856;2020-05-15;13:43:40.849;application/x-bolt;24838;0523561591;132340129959696000;2020-05-15;13:43:15.970;;;;;;18006;132340130139756000;2020-05-15;13:43:33.976;;;;;;;;132000_0034387262;;;;;;EDI+EDI;;Accept;;132000;3445;;123;Departures;;;;;;;;;;;;
D01/00000D4935DC0006;132340130376965990;2020-05-15;13:43:57.697;application/x-bolt;24086;0523406193;132340130128326000;2020-05-15;13:43:32.833;;;;;;18007;132340130308396000;2020-05-15;13:43:50.840;;;;;;;;132000_0034387266;;;;Camera04;05;EDI+EDI;;Accept;;132000;2287;;123;Departures;;;;;;;;;;;;
D01/00000D4935E20007;132340130464692188;2020-05-15;13:44:06.469;application/x-bolt;24997;0523436944;132340130216026000;2020-05-15;13:43:41.603;;;;;;18006;132340130396086000;2020-05-15;13:43:59.609;;;;;;;;132000_0034387269;;;;;;EDI+EDI;;Accept;;132000;2291;;123;Departures;;;;;;;;;;;;
D01/00000D4935E90007;132340130509385907;2020-05-15;13:44:10.939;application/x-bolt;24329;0546233528;132340130241816000;2020-05-15;13:43:44.182;;;;;;18007;132340130421886000;2020-05-15;13:44:02.189;;;;;;;;131800_0034387263;;;;Camera02;09;EDI+EDI;;Accept;;131800;2352;;123;Departures;;;;;;;;;;;;
D01/00000D4935F00007;132340130617897792;2020-05-15;13:44:21.790;application/x-bolt;25095;0546233529;132340130350446000;2020-05-15;13:43:55.045;;;;;;18007;132340130530516000;2020-05-15;13:44:13.052;;;;;;;;131800_0034387264;;;;;;EDI+EDI;;Accept;;131800;2377;;123;Departures;;;;;;;;;;;;
D01/00000D4935F70007;132340130652343784;2020-05-15;13:44:25.234;application/x-bolt;24805;0546233526;132340130384896000;2020-05-15;13:43:58.490;;;;;;18008;132340130564976000;2020-05-15;13:44:16.498;;;;;;;;131800_0034387268;;;;;;EDI+EDI;;Accept;;131800;2368;;123;Departures;;;;;;;;;;;;
D01/00000D4935FE0007;132340130657657796;2020-05-15;13:44:25.766;application/x-bolt;25502;0523573393;132340130408956000;2020-05-15;13:44:00.896;;;;;;18006;132340130589016000;2020-05-15;13:44:18.902;;;;;;;;132000_0034387272;;;;;;EDI+EDI;;Accept;;132000;2277;;123;Departures;;;;;;;;;;;;
D01/00000D4936050007;132340130709436865;2020-05-15;13:44:30.944;application/x-bolt;25417;0546233530;132340130442256000;2020-05-15;13:44:04.226;;;;;;18007;132340130622326000;2020-05-15;13:44:22.233;;;;;;;;131800_0034387267;;;;;;EDI+EDI;;Accept;;131800;2382;;123;Departures;;;;;;;;;;;;
D01/00000D49360C0006;132340130738298646;2020-05-15;13:44:33.830;application/x-bolt;21351;0546233527;132340130470936000;2020-05-15;13:44:07.094;;;;;;18007;132340130651006000;2020-05-15;13:44:25.101;;;;;;;;131800_0034387270;;;;;;EDI+EDI;;Accept;;131800;2359;;123;Departures;;;;;;;;;;;;
D01/00000D4936120007;132340130939880758;2020-05-15;13:44:53.988;application/x-bolt;24828;0546233532;132340130672406000;2020-05-15;13:44:27.241;;;;;;18007;132340130852476000;2020-05-15;13:44:45.248;;;;;;;;131800_0034387273;;;;;;EDI+EDI;;Accept;;131800;2369;;123;Departures;;;;;;;;;;;;
D01/00000D4936190006;132340130990889248;2020-05-15;13:44:59.089;application/x-bolt;23520;0546233531;132340130723486000;2020-05-15;13:44:32.349;;;;;;18007;132340130903556000;2020-05-15;13:44:50.356;;;;;;;;131800_0034387271;;;;Camera03;06;EDI+EDI;;Accept;;131800;2389;;123;Departures;;;;;;;;;;;;
D01/00000D4936250007;132340131078125086;2020-05-15;13:45:07.813;application/x-bolt;24849;0950728414;132340130796470000;2020-05-15;13:44:39.647;;;;;;18008;132340130976550000;2020-05-15;13:44:57.655;;;;;;;;131900_0034387278;;;;Camera03;01;EDI+EDI;;Accept;;131900;2478;;123;Departures;;;;;;;;;;;;
D01/00000D49361F0006;132340131058009894;2020-05-15;13:45:05.801;application/x-bolt;23684;0523574426;132340130809346000;2020-05-15;13:44:40.935;;;;;;18007;132340130989416000;2020-05-15;13:44:58.942;;;;;;;;132000_0034387276;;;;Camera03;12;EDI+EDI;;Accept;;132000;2301;;123;Departures;;;;;;;;;;;;
D01/00000D49362C0006;132340131132826352;2020-05-15;13:45:13.283;application/x-bolt;23268;0546233535;132340130865586000;2020-05-15;13:44:46.559;;;;;;18007;132340131045656000;2020-05-15;13:45:04.566;;;;;;;;131800_0034387274;;;;Camera04;10;EDI+EDI;;Accept;;131800;2868;;123;Departures;;;;;;;;;;;;
D01/00000D4936320006;132340131196814636;2020-05-15;13:45:19.681;application/x-bolt;22931;0546233533;132340130929366000;2020-05-15;13:44:52.937;;;;;;18007;132340131109436000;2020-05-15;13:45:10.944;;;;;;;;131800_0034387275;;;;Camera02;13;EDI+EDI;;Accept;;131800;2429;;123;Departures;;;;;;;;;;;;
D01/00000D4936380006;132340131251365798;2020-05-15;13:45:25.137;application/x-bolt;23951;0523574427;132340131002696000;2020-05-15;13:45:00.270;;;;;;18007;132340131182766000;2020-05-15;13:45:18.277;;;;;;;;132000_0034387280;;;;Camera02;08;EDI+EDI;;Accept;;132000;2298;;123;Departures;;;;;;;;;;;;
D01/00000D49363E0007;132340131368674321;2020-05-15;13:45:36.867;application/x-bolt;24227;0546233536;132340131101226000;2020-05-15;13:45:10.123;;;;;;18007;132340131281296000;2020-05-15;13:45:28.130;;;;;;;;131800_0034387277;;;;Camera04;07;EDI+EDI;;Accept;;131800;2366;;123;Departures;;;;;;;;;;;;
D01/00000D4936450006;132340131522240199;2020-05-15;13:45:52.224;application/x-bolt;23697;0546233537;132340131254676000;2020-05-15;13:45:25.468;;;;;;18007;132340131434746000;2020-05-15;13:45:43.475;;;;;;;;131800_0034387279;;;;Camera04;03;EDI+EDI;;Accept;;131800;3958;;123;Departures;;;;;;;;;;;;
D01/00000D4936520006;132340131593043625;2020-05-15;13:45:59.304;application/x-bolt;24088;0546233538;132340131325636000;2020-05-15;13:45:32.564;;;;;;18007;132340131505706000;2020-05-15;13:45:50.571;;;;;;;;131800_0034387281;;;;;;EDI+EDI;;Accept;;131800;2410;;123;Departures;;;;;;;;;;;;
D01/00000D49364B0007;132340131574499635;2020-05-15;13:45:57.450;application/x-bolt;25764;0523553508;132340131325796000;2020-05-15;13:45:32.580;;;;;;18006;132340131505856000;2020-05-15;13:45:50.586;;;;;;;;132000_0034387285;;;;;;EDI+EDI;;Accept;;132000;2348;;123;Departures;;;;;;;;;;;;
D01/00000D4936580007;132340131606473760;2020-05-15;13:46:00.647;application/x-bolt;25495;0523571410;132340131357736000;2020-05-15;13:45:35.774;;;;;;18007;132340131537806000;2020-05-15;13:45:53.781;;;;;;;;132000_0034387284;;;;;;EDI+EDI;;Accept;;132000;2358;;123;Departures;;;;;;;;;;;;
D01/00000D49365F0006;132340131661645392;2020-05-15;13:46:06.165;application/x-bolt;23435;0546233540;132340131394256000;2020-05-15;13:45:39.426;;;;;;18008;132340131574336000;2020-05-15;13:45:57.434;;;;;;;;131800_0034387282;;;;Camera04;09;EDI+EDI;;Accept;;131800;2417;;123;Departures;;;;;;;;;;;;
D01/00000D4936650007;132340131683501884;2020-05-15;13:46:08.350;application/x-bolt;26506;0950728415;132340131401940000;2020-05-15;13:45:40.194;;;;;;18008;132340131582020000;2020-05-15;13:45:58.202;;;;;;;;131900_0034387291;;;;;;EDI+EDI;;Accept;;131900;2469;;123;Departures;;;;;;;;;;;;
D01/00000D4936730006;132340131689726583;2020-05-15;13:46:08.973;application/x-bolt;23842;0546233539;132340131422286000;2020-05-15;13:45:42.229;;;;;;18008;132340131602366000;2020-05-15;13:46:00.237;;;;;;;;131800_0034387283;;;;Camera04;03;EDI+EDI;;Accept;;131800;2421;;123;Departures;;;;;;;;;;;;
D01/00000D49366C0007;132340131685433341;2020-05-15;13:46:08.543;application/x-bolt;25250;0523584259;132340131436816000;2020-05-15;13:45:43.682;;;;;;18007;132340131616886000;2020-05-15;13:46:01.689;;;;;;;;132000_0034387287;;;;;;EDI+EDI;;Accept;;132000;2360;;123;Departures;;;;;;;;;;;;
D01/00000D4936790006;132340131742286241;2020-05-15;13:46:14.229;application/x-bolt;21464;0523584260;132340131493696000;2020-05-15;13:45:49.370;;;;;;18006;132340131673756000;2020-05-15;13:46:07.376;;;;;;;;132000_0034387288;;;;;;EDI+EDI;;Accept;;132000;2366;;123;Departures;;;;;;;;;;;;
D01/00000D49367F0007;132340131802281516;2020-05-15;13:46:20.228;application/x-bolt;25026;0523584258;132340131553696000;2020-05-15;13:45:55.370;;;;;;18006;132340131733756000;2020-05-15;13:46:13.376;;;;;;;;132000_0034387290;;;;;;EDI+EDI;;Accept;;132000;2435;;123;Departures;;;;;;;;;;;;
D01/00000D4936860007;132340131859304544;2020-05-15;13:46:25.930;application/x-bolt;25112;0523584261;132340131610696000;2020-05-15;13:46:01.070;;;;;;18008;132340131790776000;2020-05-15;13:46:19.078;;;;;;;;132000_0034387292;;;;;;EDI+EDI;;Accept;;132000;2413;;123;Departures;;;;;;;;;;;;
D01/00000D49368D0006;132340131885984797;2020-05-15;13:46:28.598;application/x-bolt;21208;0523451121;132340131637356000;2020-05-15;13:46:03.736;;;;;;18007;132340131817426000;2020-05-15;13:46:21.743;;;;;;;;132000_0034387293;;;;;;EDI+EDI;;Accept;;132000;2407;;123;Departures;;;;;;;;;;;;
D01/00000D4936930006;132340131945292212;2020-05-15;13:46:34.529;application/x-bolt;23513;0546233541;132340131677896000;2020-05-15;13:46:07.790;;;;;;18007;132340131857966000;2020-05-15;13:46:25.797;;;;;;;;131800_0034387286;;;;Camera03;05;EDI+EDI;;Accept;;131800;2459;;123;Departures;;;;;;;;;;;;
D01/00000D4936990007;132340131976367055;2020-05-15;13:46:37.637;application/x-bolt;24764;0546233542;132340131708966000;2020-05-15;13:46:10.897;;;;;;18010;132340131889066000;2020-05-15;13:46:28.907;;;;;;;;131800_0034387289;;;;;;EDI+EDI;;Accept;;131800;2456;;123;Departures;;;;;;;;;;;;
D01/00000D4936A00007;132340132159703626;2020-05-15;13:46:55.970;application/x-bolt;25263;0546233543;132340131892326000;2020-05-15;13:46:29.233;;;;;;18006;132340132072386000;2020-05-15;13:46:47.239;;;;;;;;131800_0034387294;;;;;;EDI+EDI;;Accept;;131800;2470;;123;Departures;;;;;;;;;;;;
D01/00000D4936A70007;132340132206941391;2020-05-15;13:47:00.694;application/x-bolt;26296;0950728416;132340131925340000;2020-05-15;13:46:32.534;;;;;;18008;132340132105420000;2020-05-15;13:46:50.542;;;;;;;;131900_0034387297;;;;;;EDI+EDI;;Accept;;131900;2485;;123;Departures;;;;;;;;;;;;
D01/00000D4936AE0007;132340132409753531;2020-05-15;13:47:20.975;application/x-bolt;24147;0546233545;132340132142326000;2020-05-15;13:46:54.233;;;;;;18007;132340132322396000;2020-05-15;13:47:12.240;;;;;;;;131800_0034387295;;;;Camera03;06;EDI+EDI;;Accept;;131800;2480;;123;Departures;;;;;;;;;;;;
D01/00000D4936B50006;132340132465548138;2020-05-15;13:47:26.555;application/x-bolt;21376;0546233544;132340132198186000;2020-05-15;13:46:59.819;;;;;;18008;132340132378266000;2020-05-15;13:47:17.827;;;;;;;;131800_0034387296;;;;;;EDI+EDI;;Accept;;131800;2475;;123;Departures;;;;;;;;;;;;
D01/00000D4936BB0006;132340132864717260;2020-05-15;13:48:06.472;application/x-bolt;23767;0523542798;132340132616116000;2020-05-15;13:47:41.612;;;;;;18007;132340132796186000;2020-05-15;13:47:59.619;;;;;;;;132000_0034387298;;;;Camera03;12;EDI+EDI;;Accept;;132000;2420;;123;Departures;;;;;;;;;;;;
D01/00000D4936C10007;132340132977707591;2020-05-15;13:48:17.771;application/x-bolt;25778;0950728417 / 0235762849;132340132696150000;2020-05-15;13:47:49.615;;;;;;18008;132340132876230000;2020-05-15;13:48:07.623;;;;;;;;131900_0034387300;;;Multiple main barcodes detected;Camera05;03;EDI+EDI;;Accept;;131900;2529;;123;Departures;;;;;;;;;;;;
D01/00000D4936C80007;132340133148454098;2020-05-15;13:48:34.845;application/x-bolt;25901;0950728418;132340132866940000;2020-05-15;13:48:06.694;;;;;;18008;132340133047020000;2020-05-15;13:48:24.702;;;;;;;;131900_0034387302;;;;;;EDI+EDI;;Accept;;131900;2475;;123;Departures;;;;;;;;;;;;
D01/00000D4936CF0007;132340133234422823;2020-05-15;13:48:43.442;application/x-bolt;24587;0523586259 / 0148528118;132340132985856000;2020-05-15;13:48:18.586;;;;;;18006;132340133165916000;2020-05-15;13:48:36.592;;;;;;;;132000_0034387301;;;Multiple main barcodes detected;;;EDI+EDI;;Accept;;132000;2366;;123;Departures;;;;;;;;;;;;
D01/00000D4936D60007;132340133353137728;2020-05-15;13:48:55.314;application/x-bolt;26190;0950728419;132340133071630000;2020-05-15;13:48:27.163;;;;;;18008;132340133251710000;2020-05-15;13:48:45.171;;;;;;;;131900_0034387303;;;;;;EDI+EDI;;Accept;;131900;2499;;123;Departures;;;;;;;;;;;;
D01/00000D4936DD0006;132340133358992413;2020-05-15;13:48:55.899;application/x-bolt;23681;0546233546;132340133091566000;2020-05-15;13:48:29.157;;;;;;18008;132340133271646000;2020-05-15;13:48:47.165;;;;;;;;131800_0034387299;;;;;;EDI+EDI;;Accept;;131800;2453;;123;Departures;;;;;;;;;;;;
D01/00000D4936E30008;132340133382190960;2020-05-15;13:48:58.219;application/x-bolt;28879;0950728420;132340133100610000;2020-05-15;13:48:30.061;;;;;;18007;132340133280680000;2020-05-15;13:48:48.068;;;;;;;;131900_0034387304;;;;;;EDI+EDI;;Accept;;131900;2540;;123;Departures;;;;;;;;;;;;
D01/00000D4936EB0007;132340133812545012;2020-05-15;13:49:41.255;application/x-bolt;27663;0950728421;132340133531050000;2020-05-15;13:49:13.105;;;;;;18007;132340133711120000;2020-05-15;13:49:31.112;;;;;;;;131900_0034387307;;;;;;EDI+EDI;;Accept;;131900;2486;;123;Departures;;;;;;;;;;;;
D01/00000D4936F20007;132340133889546573;2020-05-15;13:49:48.955;application/x-bolt;24545;0523532842;132340133641026000;2020-05-15;13:49:24.103;;;;;;18006;132340133821086000;2020-05-15;13:49:42.109;;;;;;;;132000_0034387309;;;;;;EDI+EDI;;Accept;;132000;2320;;123;Departures;;;;;;;;;;;;
D01/00000D4936F90006;132340134019480451;2020-05-15;13:50:01.948;application/x-bolt;22777;0523532838 / 0623532838;132340133770956000;2020-05-15;13:49:37.096;;;;;;18006;132340133951016000;2020-05-15;13:49:55.102;;;;;;;;132000_0034387318;;;Multiple main barcodes detected;Camera04;03;EDI+EDI;;Accept;;132000;2343;;123;Departures;;;;;;;;;;;;
D01/00000D4936FF0006;132340134093769839;2020-05-15;13:50:09.377;application/x-bolt;23604;0546233547;132340133826406000;2020-05-15;13:49:42.641;;;;;;18006;132340134006466000;2020-05-15;13:50:00.647;;;;;;;;131800_0034387305;;;;;;EDI+EDI;;Accept;;131800;2399;;123;Departures;;;;;;;;;;;;
D01/00000D4937050006;132340134154888704;2020-05-15;13:50:15.489;application/x-bolt;22851;0546233548;132340133887456000;2020-05-15;13:49:48.746;;;;;;18008;132340134067536000;2020-05-15;13:50:06.754;;;;;;;;131800_0034387306;;;;Camera04;05;EDI+EDI;;Accept;;131800;2411;;123;Departures;;;;;;;;;;;;
D01/00000D49370B0007;132340134203577628;2020-05-15;13:50:20.358;application/x-bolt;24539;0235975547;132340133921960000;2020-05-15;13:49:52.196;;;;;;18007;132340134102030000;2020-05-15;13:50:10.203;;;;;;;;131900_0034387310;;;;Camera05;10;EDI+EDI;;Accept;;131900;2514;;123;Departures;;;;;;;;;;;;
D01/00000D4937120007;132340134241197705;2020-05-15;13:50:24.120;application/x-bolt;25073;0950728422;132340133959640000;2020-05-15;13:49:55.964;;;;;;18011;132340134139750000;2020-05-15;13:50:13.975;;;;;;;;131900_0034387315;;;;Camera06;03;EDI+EDI;;Accept;;131900;2507;;123;Departures;;;;;;;;;;;;
D01/00000D49371F0006;132340134302456679;2020-05-15;13:50:30.246;application/x-bolt;23194;0546233549;132340134035056000;2020-05-15;13:50:03.506;;;;;;18006;132340134215116000;2020-05-15;13:50:21.512;;;;;;;;131800_0034387308;;;;Camera06;05;EDI+EDI;;Accept;;131800;2399;;123;Departures;;;;;;;;;;;;
D01/00000D4937190006;132340134292118414;2020-05-15;13:50:29.212;application/x-bolt;21378;0523532839;132340134043566000;2020-05-15;13:50:04.357;;;;;;18007;132340134223636000;2020-05-15;13:50:22.364;;;;;;;;132000_0034387316;;;;;;EDI+EDI;;Accept;;132000;2337;;123;Departures;;;;;;;;;;;;
D01/00000D4937250006;132340134390577130;2020-05-15;13:50:39.058;application/x-bolt;23879;0546233551;132340134123376000;2020-05-15;13:50:12.338;;;;;;18006;132340134303436000;2020-05-15;13:50:30.344;;;;;;;;131800_0034387312;;;;;;EDI+EDI;;Accept;;131800;2354;;123;Departures;;;;;;;;;;;;
D01/00000D49372B0007;132340134401355744;2020-05-15;13:50:40.136;application/x-bolt;25065;0523532840;132340134152766000;2020-05-15;13:50:15.277;;;;;;18008;132340134332846000;2020-05-15;13:50:33.285;;;;;;;;132000_0034387320;;;;;;EDI+EDI;;Accept;;132000;2346;;123;Departures;;;;;;;;;;;;
D01/00000D4937320007;132340134447022255;2020-05-15;13:50:44.702;application/x-bolt;25744;0546233550 / 5646233550;132340134179686000;2020-05-15;13:50:17.969;;;;;;18006;132340134359746000;2020-05-15;13:50:35.975;;;;;;;;131800_0034387311;;;Multiple main barcodes detected;;;EDI+EDI;;Accept;;131800;2373;;123;Departures;;;;;;;;;;;;
D01/00000D4937390006;132340134584472138;2020-05-15;13:50:58.447;application/x-bolt;22374;0235975548;132340134302900000;2020-05-15;13:50:30.290;;;;;;18010;132340134483000000;2020-05-15;13:50:48.300;;;;;;;;131900_0034387319;;;;;;EDI+EDI;;Accept;;131900;2519;;123;Departures;;;;;;;;;;;;
D01/00000D4937460007;132340134615526966;2020-05-15;13:51:01.553;application/x-bolt;26843;0950728423;132340134332920000;2020-05-15;13:50:33.292;;;;;;18110;132340134514020000;2020-05-15;13:50:51.402;;;;;;;;131900_0034387321;;;;;;EDI+EDI;;Accept;;131900;2510;;123;Departures;;;;;;;;;;;;
D01/00000D49373F0007;132340134596611845;2020-05-15;13:50:59.661;application/x-bolt;25684;0523532841;132340134348026000;2020-05-15;13:50:34.803;;;;;;18008;132340134528106000;2020-05-15;13:50:52.811;;;;;;;;132000_0034387327;;;;;;EDI+EDI;;Accept;;132000;2319;;123;Departures;;;;;;;;;;;;
D01/00000D49374D0007;132340134645761139;2020-05-15;13:51:04.576;application/x-bolt;24961;0546233553;132340134378406000;2020-05-15;13:50:37.841;;;;;;18007;132340134558476000;2020-05-15;13:50:55.848;;;;;;;;131800_0034387317;;;;;;EDI+EDI;;Accept;;131800;2415;;123;Departures;;;;;;;;;;;;
D01/00000D4937540007;132340134670741109;2020-05-15;13:51:07.074;application/x-bolt;25640;0546233552;132340134403386000;2020-05-15;13:50:40.339;;;;;;18007;132340134583456000;2020-05-15;13:50:58.346;;;;;;;;131800_0034387314;;;;;;EDI+EDI;;Accept;;131800;2406;;123;Departures;;;;;;;;;;;;
D01/00000D49375B0007;132340134700004502;2020-05-15;13:51:10.000;application/x-bolt;24214;0950728426;132340134418440000;2020-05-15;13:50:41.844;;;;;;18007;132340134598510000;2020-05-15;13:50:59.851;;;;;;;;131900_0034387324;;;;Camera06;04;EDI+EDI;;Accept;;131900;2559;;123;Departures;;;;;;;;;;;;
D01/00000D4937620008;132340134756549711;2020-05-15;13:51:15.655;application/x-bolt;28433;0950728424;132340134474950000;2020-05-15;13:50:47.495;;;;;;18007;132340134655020000;2020-05-15;13:51:05.502;;;;;;;;131900_0034387325;;;;;;EDI+EDI;;Accept;;131900;2557;;123;Departures;;;;;;;;;;;;
D01/00000D49376A0007;132340134846561671;2020-05-15;13:51:24.656;application/x-bolt;25270;0950728425;132340134565190000;2020-05-15;13:50:56.519;;;;;;18007;132340134745260000;2020-05-15;13:51:14.526;;;;;;;;131900_0034387326;;;;;;EDI+EDI;;Accept;;131900;3127;;123;Departures;;;;;;;;;;;;
D01/00000D4937710007;132340134961344429;2020-05-15;13:51:36.134;application/x-bolt;24165;0546233554;132340134693906000;2020-05-15;13:51:09.391;;;;;;18007;132340134873976000;2020-05-15;13:51:27.398;;;;;;;;131800_0034387322;;;;Camera05;09;EDI+EDI;;Accept;;131800;2349;;123;Departures;;;;;;;;;;;;
D01/00000D4937780007;132340135315942410;2020-05-15;13:52:11.594;application/x-bolt;28178;0950728428 / 0950728427;132340135034360000;2020-05-15;13:51:43.436;;;;;;18007;132340135214430000;2020-05-15;13:52:01.443;;;;;;;;131900_0034387328;;;Multiple main barcodes detected;;;EDI+EDI;;Accept;;131900;2579;;123;Departures;;;;;;;;;;;;
D01/00000D49377F0007;132340135857532263;2020-05-15;13:53:05.753;application/x-bolt;25997;0950728430 / 0950728429;132340135575970000;2020-05-15;13:52:37.597;;;;;;18007;132340135756040000;2020-05-15;13:52:55.604;;;;;;;;131900_0034387339;;;Multiple main barcodes detected;Camera03;06;EDI+EDI;;Accept;;131900;2557;;123;Departures;;;;;;;;;;;;
D01/00000D4937860006;132340135907632953;2020-05-15;13:53:10.763;application/x-bolt;22844;0523532843;132340135659076000;2020-05-15;13:52:45.908;;;;;;18008;132340135839156000;2020-05-15;13:53:03.916;;;;;;;;132000_0034387329;;;;Camera04;03;EDI+EDI;;Accept;;132000;5509;;123;Departures;;;;;;;;;;;;
D01/00000D49378C0007;132340136279685109;2020-05-15;13:53:47.969;application/x-bolt;26250;0950728431;132340135998160000;2020-05-15;13:53:19.816;;;;;;18008;132340136178240000;2020-05-15;13:53:37.824;;;;;;;;131900_0034387335;;;;;;EDI+EDI;;Accept;;131900;2578;;123;Departures;;;;;;;;;;;;
D01/00000D4937930006;132340136311420887;2020-05-15;13:53:51.142;application/x-bolt;23141;0523505743;132340136062936000;2020-05-15;13:53:26.294;;;;;;18007;132340136243006000;2020-05-15;13:53:44.301;;;;;;;;132000_0034387334;;;;Camera05;03;EDI+EDI;;Accept;;132000;5124;;123;Departures;;;;;;;;;;;;
D01/00000D4937990006;132340136500254244;2020-05-15;13:54:10.025;application/x-bolt;23919;0546233557 / 5646233557;132340136232936000;2020-05-15;13:53:43.294;;;;;;18007;132340136413006000;2020-05-15;13:54:01.301;;;;;;;;131800_0034387333;;;Multiple main barcodes detected;;;EDI+EDI;;Accept;;131800;2298;;123;Departures;;;;;;;;;;;;
D01/00000D49379F0006;132340136500764657;2020-05-15;13:54:10.076;application/x-bolt;23661;0523561592;132340136251976000;2020-05-15;13:53:45.198;;;;;;18007;132340136432046000;2020-05-15;13:54:03.205;;;;;;;;132000_0034387338;;;;Camera05;07;EDI+EDI;;Accept;;132000;2389;;123;Departures;;;;;;;;;;;;
D01/00000D4937A50007;132340136586194038;2020-05-15;13:54:18.619;application/x-bolt;24580;0546233558;132340136318866000;2020-05-15;13:53:51.887;;;;;;18007;132340136498936000;2020-05-15;13:54:09.894;;;;;;;;131800_0034387336;;;;;;EDI+EDI;;Accept;;131800;2308;;123;Departures;;;;;;;;;;;;
D01/00000D4937AC0007;132340136639657459;2020-05-15;13:54:23.966;application/x-bolt;25008;0546233559;132340136372306000;2020-05-15;13:53:57.231;;;;;;18007;132340136552376000;2020-05-15;13:54:15.238;;;;;;;;131800_0034387337;;;;;;EDI+EDI;;Accept;;131800;2315;;123;Departures;;;;;;;;;;;;
D01/00000D4937B30007;132340136860016427;2020-05-15;13:54:46.002;application/x-bolt;25253;0523588261;132340136611436000;2020-05-15;13:54:21.144;;;;;;18007;132340136791506000;2020-05-15;13:54:39.151;;;;;;;;132000_0034387345;;;;;;EDI+EDI;;Accept;;132000;2288;;123;Departures;;;;;;;;;;;;
D01/00000D4937C00007;132340136941772824;2020-05-15;13:54:54.177;application/x-bolt;25941;0950728432;132340136660180000;2020-05-15;13:54:26.018;;;;;;18014;132340136840320000;2020-05-15;13:54:44.032;;;;;;;;131900_0034387344;;;;;;EDI+EDI;;Accept;;131900;2513;;123;Departures;;;;;;;;;;;;
D01/00000D4937BA0006;132340136912138758;2020-05-15;13:54:51.214;application/x-bolt;23267;0523588262;132340136663566000;2020-05-15;13:54:26.357;;;;;;18007;132340136843636000;2020-05-15;13:54:44.364;;;;;;;;132000_0034387346;;;;Camera01;06;EDI+EDI;;Accept;;132000;2325;;123;Departures;;;;;;;;;;;;
D01/00000D4937C70006;132340137047308534;2020-05-15;13:55:04.731;application/x-bolt;23680;0546233560;132340136779946000;2020-05-15;13:54:37.995;;;;;;18007;132340136960016000;2020-05-15;13:54:56.002;;;;;;;;131800_0034387341;;;;Camera04;03;EDI+EDI;;Accept;;131800;2328;;123;Departures;;;;;;;;;;;;
D01/00000D4937CD0007;132340137233519761;2020-05-15;13:55:23.352;application/x-bolt;24586;0523562584;132340136985016000;2020-05-15;13:54:58.502;;;;;;18006;132340137165076000;2020-05-15;13:55:16.508;;;;;;;;132000_0034387347;;;;;;EDI+EDI;;Accept;;132000;2332;;123;Departures;;;;;;;;;;;;
D01/00000D4937D40006;132340137689299922;2020-05-15;13:56:08.930;application/x-bolt;23353;0523540669;132340137440726000;2020-05-15;13:55:44.073;;;;;;18007;132340137620796000;2020-05-15;13:56:02.080;;;;;;;;132000_0034387348;;;;Camera02;09;EDI+EDI;;Accept;;132000;2301;;123;Departures;;;;;;;;;;;;
D01/00000D4937DA0007;132340138212388927;2020-05-15;13:57:01.239;application/x-bolt;24593;0546233555;132340137945046000;2020-05-15;13:56:34.505;;;;;;18006;132340138125106000;2020-05-15;13:56:52.511;;;;;;;;131800_0034387349;;;;;;EDI+EDI;;Accept;;131800;2285;;123;Departures;;;;;;;;;;;;
D01/00000D4937E10007;132340138452256772;2020-05-15;13:57:25.226;application/x-bolt;25459;0950728433;132340138170680000;2020-05-15;13:56:57.068;;;;;;18008;132340138350760000;2020-05-15;13:57:15.076;;;;;;;;131900_0034387353;;;;;;EDI+EDI;;Accept;;131900;2574;;123;Departures;;;;;;;;;;;;
D01/00000D4937E80007;132340138480500069;2020-05-15;13:57:28.050;application/x-bolt;25174;0950728434 / 0235514863;132340138198910000;2020-05-15;13:56:59.891;;;;;;18008;132340138378990000;2020-05-15;13:57:17.899;;;;;;;;131900_0034387351;;;Multiple main barcodes detected;;;EDI+EDI;;Accept;;131900;2467;;123;Departures;;;;;;;;;;;;
D01/00000D4937EF0007;132340138573006374;2020-05-15;13:57:37.301;application/x-bolt;25816;0950728435;132340138291400000;2020-05-15;13:57:09.140;;;;;;18008;132340138471480000;2020-05-15;13:57:27.148;;;;;;;;131900_0034387352;;;;Camera05;03;EDI+EDI;;Accept;;131900;2509;;123;Departures;;;;;;;;;;;;
D01/00000D4937F60007;132340139730300937;2020-05-15;13:59:33.030;application/x-bolt;26651;0546233556;132340139462896000;2020-05-15;13:59:06.290;;;;;;18009;132340139642986000;2020-05-15;13:59:24.299;;;;;;;;131800_0034387354;;;;;;EDI+EDI;;Accept;;131800;3116;;123;Departures;;;;;;;;;;;;
D01/00000D4937FD0006;132340140587698143;2020-05-15;14:00:58.770;application/x-bolt;23315;0546233563 / 5646233563;132340140320286000;2020-05-15;14:00:32.029;;;;;;18007;132340140500356000;2020-05-15;14:00:50.036;;;;;;;;131800_0034387355;;;Multiple main barcodes detected;Camera06;07;EDI+EDI;;Accept;;131800;2246;;123;Departures;;;;;;;;;;;;
D01/00000D4938030006;132340140630303290;2020-05-15;14:01:03.030;application/x-bolt;23061;0523504770;132340140381666000;2020-05-15;14:00:38.167;;;;;;18007;132340140561736000;2020-05-15;14:00:56.174;;;;;;;;132000_0034387356;;;;Camera04;05;EDI+EDI;;Accept;;132000;2222;;123;Departures;;;;;;;;;;;;
D01/00000D4938090007;132340140708097453;2020-05-15;14:01:10.810;application/x-bolt;25315;0950728436;132340140426430000;2020-05-15;14:00:42.643;;;;;;18008;132340140606510000;2020-05-15;14:01:00.651;;;;;;;;131900_0034387357;;;;;;EDI+EDI;;Accept;;131900;2427;;123;Departures;;;;;;;;;;;;
D01/00000D4938100007;132340140761721685;2020-05-15;14:01:16.172;application/x-bolt;24493;0950728437;132340140480270000;2020-05-15;14:00:48.027;;;;;;18007;132340140660340000;2020-05-15;14:01:06.034;;;;;;;;131900_0034387358;;;;Camera05;03;EDI+EDI;;Accept;;131900;2429;;123;Departures;;;;;;;;;;;;
D01/00000D4938170007;132340140818918866;2020-05-15;14:01:21.892;application/x-bolt;25277;0950728438;132340140537400000;2020-05-15;14:00:53.740;;;;;;18008;132340140717480000;2020-05-15;14:01:11.748;;;;;;;;131900_0034387359;;;;Camera06;03;EDI+EDI;;Accept;;131900;2517;;123;Departures;;;;;;;;;;;;
D01/00000D49381E0006;132340141003441062;2020-05-15;14:01:40.344;application/x-bolt;23533;0523504774;132340140754866000;2020-05-15;14:01:15.487;;;;;;18007;132340140934936000;2020-05-15;14:01:33.494;;;;;;;;132000_0034387360;;;;Camera02;04;EDI+EDI;;Accept;;132000;2228;;123;Departures;;;;;;;;;;;;
D01/00000D4938240007;132340141144337279;2020-05-15;14:01:54.434;application/x-bolt;24643;0523504775;132340140895766000;2020-05-15;14:01:29.577;;;;;;18007;132340141075836000;2020-05-15;14:01:47.584;;;;;;;;132000_0034387362;;;;;;EDI+EDI;;Accept;;132000;2242;;123;Departures;;;;;;;;;;;;
D01/00000D49382B0007;132340141269390422;2020-05-15;14:02:06.939;application/x-bolt;24872;0950728442;132340140987760000;2020-05-15;14:01:38.776;;;;;;18007;132340141167830000;2020-05-15;14:01:56.783;;;;;;;;131900_0034387365;;;;Camera06;03;EDI+EDI;;Accept;;131900;2451;;123;Departures;;;;;;;;;;;;
D01/00000D4938380007;132340141326897859;2020-05-15;14:02:12.690;application/x-bolt;25784;0950728439;132340141045290000;2020-05-15;14:01:44.529;;;;;;18007;132340141225360000;2020-05-15;14:02:02.536;;;;;;;;131900_0034387366;;;;;;EDI+EDI;;Accept;;131900;2472;;123;Departures;;;;;;;;;;;;
D01/00000D4938320006;132340141315298291;2020-05-15;14:02:11.530;application/x-bolt;23802;0523366568;132340141066666000;2020-05-15;14:01:46.667;;;;;;18008;132340141246746000;2020-05-15;14:02:04.675;;;;;;;;132000_0034387363;;;;;;EDI+EDI;;Accept;;132000;4748;;123;Departures;;;;;;;;;;;;
D01/00000D49383F0007;132340141346273841;2020-05-15;14:02:14.627;application/x-bolt;24837;0523582442 / 0235500789 / 0235734400 / 8523582442;132340141097296000;2020-05-15;14:01:49.730;;;;;;18029;132340141277586000;2020-05-15;14:02:07.759;;;;;;;;132000_0034387364;;;Multiple main barcodes detected;;;EDI+EDI;;Accept;;132000;2250;;123;Departures;;;;;;;;;;;;
D01/00000D4938460006;132340141398366805;2020-05-15;14:02:19.837;application/x-bolt;23585;0523504773;132340141149806000;2020-05-15;14:01:54.981;;;;;;18008;132340141329886000;2020-05-15;14:02:12.989;;;;;;;;132000_0034387367;;;;Camera02;03;EDI+EDI;;Accept;;132000;2274;;123;Departures;;;;;;;;;;;;
D01/00000D49384C0007;132340141443544073;2020-05-15;14:02:24.354;application/x-bolt;24810;0950728441;132340141162040000;2020-05-15;14:01:56.204;;;;;;18008;132340141342120000;2020-05-15;14:02:14.212;;;;;;;;131900_0034387368;;;;;;EDI+EDI;;Accept;;131900;3476;;123;Departures;;;;;;;;;;;;
D01/00000D4938530007;132340141448868462;2020-05-15;14:02:24.887;application/x-bolt;24445;0546233562;132340141181526000;2020-05-15;14:01:58.153;;;;;;18007;132340141361596000;2020-05-15;14:02:16.160;;;;;;;;131800_0034387361;;;;;;EDI+EDI;;Accept;;131800;2228;;123;Departures;;;;;;;;;;;;
D01/00000D49385A0007;132340141499260029;2020-05-15;14:02:29.926;application/x-bolt;24905;0950728440;132340141217790000;2020-05-15;14:02:01.779;;;;;;18007;132340141397860000;2020-05-15;14:02:19.786;;;;;;;;131900_0034387370;;;;Camera03;03;EDI+EDI;;Accept;;131900;2523;;123;Departures;;;;;;;;;;;;
D01/00000D4938610006;132340141513932130;2020-05-15;14:02:31.393;application/x-bolt;22497;0523504771;132340141265386000;2020-05-15;14:02:06.539;;;;;;18007;132340141445456000;2020-05-15;14:02:24.546;;;;;;;;132000_0034387371;;;;Camera02;06;EDI+EDI;;Accept;;132000;4884;;123;Departures;;;;;;;;;;;;
D01/00000D4938670006;132340141546308838;2020-05-15;14:02:34.631;application/x-bolt;24076;0523542801 / 0235597316;132340141297776000;2020-05-15;14:02:09.778;;;;;;18007;132340141477846000;2020-05-15;14:02:27.785;;;;;;;;132000_0034387377;;;Multiple main barcodes detected;;;EDI+EDI;;Accept;;132000;2301;;123;Departures;;;;;;;;;;;;
D01/00000D49386D0007;132340141625394066;2020-05-15;14:02:42.539;application/x-bolt;24839;0523504772;132340141376786000;2020-05-15;14:02:17.679;;;;;;18007;132340141556856000;2020-05-15;14:02:35.686;;;;;;;;132000_0034387374;;;;;;EDI+EDI;;Accept;;132000;2307;;123;Departures;;;;;;;;;;;;
D01/00000D4938740007;132340141654037689;2020-05-15;14:02:45.404;application/x-bolt;24435;0523528873;132340141405556000;2020-05-15;14:02:20.556;;;;;;18007;132340141585626000;2020-05-15;14:02:38.563;;;;;;;;132000_0034387372;;;;Camera05;01;EDI+EDI;;Accept;;132000;2315;;123;Departures;;;;;;;;;;;;
D01/00000D49387B0006;132340141682351044;2020-05-15;14:02:48.235;application/x-bolt;23253;0523542800 / 7946542800;132340141433996000;2020-05-15;14:02:23.400;;;;;;18007;132340141614066000;2020-05-15;14:02:41.407;;;;;;;;132000_0034387373;;;Multiple main barcodes detected;;;EDI+EDI;;Accept;;132000;2335;;123;Departures;;;;;;;;;;;;
D01/00000D4938810007;132340141789039046;2020-05-15;14:02:58.904;application/x-bolt;26193;0950728443;132340141507420000;2020-05-15;14:02:30.742;;;;;;18007;132340141687490000;2020-05-15;14:02:48.749;;;;;;;;131900_0034387376;;;;;;EDI+EDI;;Accept;;131900;2523;;123;Departures;;;;;;;;;;;;
D01/00000D4938880007;132340142019759347;2020-05-15;14:03:21.976;application/x-bolt;25601;0950728444;132340141738030000;2020-05-15;14:02:53.803;;;;;;18008;132340141918110000;2020-05-15;14:03:11.811;;;;;;;;131900_0034387380;;;;;;EDI+EDI;;Accept;;131900;2509;;123;Departures;;;;;;;;;;;;
D01/00000D49388F0006;132340142135765033;2020-05-15;14:03:33.577;application/x-bolt;24004;0950728446;132340141854180000;2020-05-15;14:03:05.418;;;;;;18008;132340142034260000;2020-05-15;14:03:23.426;;;;;;;;131900_0034387381;;;;Camera02;09;EDI+EDI;;Accept;;131900;2515;;123;Departures;;;;;;;;;;;;
D01/00000D4938950007;132340142215801050;2020-05-15;14:03:41.580;application/x-bolt;24447;0950728445;132340141934290000;2020-05-15;14:03:13.429;;;;;;18007;132340142114360000;2020-05-15;14:03:31.436;;;;;;;;131900_0034387382;;;;Camera06;03;EDI+EDI;;Accept;;131900;2495;;123;Departures;;;;;;;;;;;;
D01/00000D49389C0006;132340142884362498;2020-05-15;14:04:48.436;application/x-bolt;23126;0523508820;132340142635946000;2020-05-15;14:04:23.595;;;;;;18007;132340142816016000;2020-05-15;14:04:41.602;;;;;;;;132000_0034387386;;;;Camera03;11;EDI+EDI;;Accept;;132000;2340;;123;Departures;;;;;;;;;;;;
D01/00000D4938A20007;132340142984144805;2020-05-15;14:04:58.414;application/x-bolt;25017;0950728447;132340142702540000;2020-05-15;14:04:30.254;;;;;;18008;132340142882620000;2020-05-15;14:04:48.262;;;;;;;;131900_0034387384;;;;Camera03;09;EDI+EDI;;Accept;;131900;2497;;123;Departures;;;;;;;;;;;;
D01/00000D4938A90006;132340143172189906;2020-05-15;14:05:17.219;application/x-bolt;23578;0523553511;132340142923566000;2020-05-15;14:04:52.357;;;;;;18007;132340143103636000;2020-05-15;14:05:10.364;;;;;;;;132000_0034387387;;;;Camera06;03;EDI+EDI;;Accept;;132000;2397;;123;Departures;;;;;;;;;;;;
D01/00000D4938AF0006;132340143210421438;2020-05-15;14:05:21.042;application/x-bolt;22431;0950728448;132340142928740000;2020-05-15;14:04:52.874;;;;;;18008;132340143108820000;2020-05-15;14:05:10.882;;;;;;;;131900_0034387389;;;;;;EDI+EDI;;Accept;;131900;2538;;123;Departures;;;;;;;;;;;;
D01/00000D4938B50006;132340143279798665;2020-05-15;14:05:27.980;application/x-bolt;23760;0523582443;132340143031276000;2020-05-15;14:05:03.128;;;;;;18007;132340143211346000;2020-05-15;14:05:21.135;;;;;;;;132000_0034387388;;;;Camera05;01;EDI+EDI;;Accept;;132000;2356;;123;Departures;;;;;;;;;;;;
D01/00000D4938BB0007;132340143356732123;2020-05-15;14:05:35.673;application/x-bolt;27396;0950728449;132340143075130000;2020-05-15;14:05:07.513;;;;;;18008;132340143255210000;2020-05-15;14:05:25.521;;;;;;;;131900_0034387391;;;;;;EDI+EDI;;Accept;;131900;2564;;123;Departures;;;;;;;;;;;;
D01/00000D4938C20006;132340143410556517;2020-05-15;14:05:41.056;application/x-bolt;23729;0523053651;132340143162096000;2020-05-15;14:05:16.210;;;;;;18006;132340143342156000;2020-05-15;14:05:34.216;;;;;;;;132000_0034387392;;;;;;EDI+EDI;;Accept;;132000;3205;;123;Departures;;;;;;;;;;;;
D01/00000D4938C80006;132340143593227191;2020-05-15;14:05:59.323;application/x-bolt;24069;0546233564 / 0235926251 / 9046233564;132340143325826000;2020-05-15;14:05:32.583;;;;;;18006;132340143505886000;2020-05-15;14:05:50.589;;;;;;;;131800_0034387390;;;Multiple main barcodes detected;;;EDI+EDI;;Accept;;131800;2239;;123;Departures;;;;;;;;;;;;
D01/00000D4938CE0006;132340143770013004;2020-05-15;14:06:17.001;application/x-bolt;23557;0523531653;132340143521436000;2020-05-15;14:05:52.144;;;;;;18007;132340143701506000;2020-05-15;14:06:10.151;;;;;;;;132000_0034387395;;;;Camera06;08;EDI+EDI;;Accept;;132000;2379;;123;Departures;;;;;;;;;;;;
D01/00000D4938D40007;132340143851380122;2020-05-15;14:06:25.138;application/x-bolt;24867;0523584263;132340143603016000;2020-05-15;14:06:00.302;;;;;;18006;132340143783076000;2020-05-15;14:06:18.308;;;;;;;;132000_0034387398;;;;;;EDI+EDI;;Accept;;132000;3113;;123;Departures;;;;;;;;;;;;
D01/00000D4938DB0007;132340143932927382;2020-05-15;14:06:33.293;application/x-bolt;27512;0950728450;132340143651200000;2020-05-15;14:06:05.120;;;;;;18008;132340143831280000;2020-05-15;14:06:23.128;;;;;;;;131900_0034387399;;;;;;EDI+EDI;;Accept;;131900;2572;;123;Departures;;;;;;;;;;;;
D01/00000D4938E20007;132340144084912742;2020-05-15;14:06:48.491;application/x-bolt;24454;0546233565;132340143817506000;2020-05-15;14:06:21.751;;;;;;18006;132340143997566000;2020-05-15;14:06:39.757;;;;;;;;131800_0034387396;;;;;;EDI+EDI;;Accept;;131800;2226;;123;Departures;;;;;;;;;;;;
D01/00000D4938E90007;132340144275670087;2020-05-15;14:07:07.567;application/x-bolt;26015;0950728451;132340143993970000;2020-05-15;14:06:39.397;;;;;;18008;132340144174050000;2020-05-15;14:06:57.405;;;;;;;;131900_0034387401;;;;;;EDI+EDI;;Accept;;131900;2523;;123;Departures;;;;;;;;;;;;
D01/00000D4938F00007;132340144475094579;2020-05-15;14:07:27.509;application/x-bolt;24847;0950728452;132340144193790000;2020-05-15;14:06:59.379;;;;;;18008;132340144373870000;2020-05-15;14:07:17.387;;;;;;;;131900_0034387402;;;;Camera05;03;EDI+EDI;;Accept;;131900;2579;;123;Departures;;;;;;;;;;;;
D01/00000D4938F70006;132340144754535069;2020-05-15;14:07:55.454;application/x-bolt;23811;0523517718;132340144505916000;2020-05-15;14:07:30.592;;;;;;18007;132340144685986000;2020-05-15;14:07:48.599;;;;;;;;132000_0034387403;;;;Camera02;11;EDI+EDI;;Accept;;132000;2336;;123;Departures;;;;;;;;;;;;
D01/00000D4938FD0007;132340144782488124;2020-05-15;14:07:58.249;application/x-bolt;25135;0523572489;132340144533956000;2020-05-15;14:07:33.396;;;;;;18008;132340144714036000;2020-05-15;14:07:51.404;;;;;;;;132000_0034387404;;;;Camera05;01;EDI+EDI;;Accept;;132000;2323;;123;Departures;;;;;;;;;;;;
D01/00000D4939040007;132340145068854329;2020-05-15;14:08:26.885;application/x-bolt;25586;0950728453;132340144787190000;2020-05-15;14:07:58.719;;;;;;18008;132340144967270000;2020-05-15;14:08:16.727;;;;;;;;131900_0034387407;;;;;;EDI+EDI;;Accept;;131900;2547;;123;Departures;;;;;;;;;;;;
D01/00000D49390B0006;132340145085277875;2020-05-15;14:08:28.528;application/x-bolt;23196;0523517719;132340144836836000;2020-05-15;14:08:03.684;;;;;;18007;132340145016906000;2020-05-15;14:08:21.691;;;;;;;;132000_0034387406;;;;Camera03;03;EDI+EDI;;Accept;;132000;2347;;123;Departures;;;;;;;;;;;;
D01/00000D4939110006;132340145620799586;2020-05-15;14:09:22.080;application/x-bolt;23707;0546233566;132340145353436000;2020-05-15;14:08:55.344;;;;;;18006;132340145533496000;2020-05-15;14:09:13.350;;;;;;;;131800_0034387408;;;;;;EDI+EDI;;Accept;;131800;2240;;123;Departures;;;;;;;;;;;;
D01/00000D4939170007;132340146032098837;2020-05-15;14:10:03.210;application/x-bolt;26049;0950728455;132340145750560000;2020-05-15;14:09:35.056;;;;;;18008;132340145930640000;2020-05-15;14:09:53.064;;;;;;;;131900_0034387411;;;;;;EDI+EDI;;Accept;;131900;4611;;123;Departures;;;;;;;;;;;;
D01/00000D49391E0007;132340146257614850;2020-05-15;14:10:25.761;application/x-bolt;26552;0950728456;132340145976070000;2020-05-15;14:09:57.607;;;;;;18008;132340146156150000;2020-05-15;14:10:15.615;;;;;;;;131900_0034387413;;;;;;EDI+EDI;;Accept;;131900;2488;;123;Departures;;;;;;;;;;;;
D01/00000D4939250006;132340146286198427;2020-05-15;14:10:28.620;application/x-bolt;23772;0546233568;132340146018766000;2020-05-15;14:10:01.877;;;;;;18006;132340146198826000;2020-05-15;14:10:19.883;;;;;;;;131800_0034387410;;;;Camera04;08;EDI+EDI;;Accept;;131800;2258;;123;Departures;;;;;;;;;;;;
D01/00000D49392B0007;132340146407418413;2020-05-15;14:10:40.742;application/x-bolt;27350;0950728457;132340146125820000;2020-05-15;14:10:12.582;;;;;;18007;132340146305890000;2020-05-15;14:10:30.589;;;;;;;;131900_0034387415;;;;;;EDI+EDI;;Accept;;131900;2513;;123;Departures;;;;;;;;;;;;
D01/00000D4939320006;132340146541939369;2020-05-15;14:10:54.194;application/x-bolt;23081;0546233569;132340146274476000;2020-05-15;14:10:27.448;;;;;;18007;132340146454546000;2020-05-15;14:10:45.455;;;;;;;;131800_0034387412;;;;Camera05;11;EDI+EDI;;Accept;;131800;2242;;123;Departures;;;;;;;;;;;;
D01/00000D4939380007;132340146607223215;2020-05-15;14:11:00.722;application/x-bolt;24374;0950728458;132340146325630000;2020-05-15;14:10:32.563;;;;;;18008;132340146505710000;2020-05-15;14:10:50.571;;;;;;;;131900_0034387416;;;;Camera05;05;EDI+EDI;;Accept;;131900;2502;;123;Departures;;;;;;;;;;;;
D01/00000D49393F0006;132340146739842606;2020-05-15;14:11:13.984;application/x-bolt;23965;0546233567;132340146472386000;2020-05-15;14:10:47.239;;;;;;18006;132340146652446000;2020-05-15;14:11:05.245;;;;;;;;131800_0034387414;;;;;;EDI+EDI;;Accept;;131800;2253;;123;Departures;;;;;;;;;;;;
D01/00000D4939450006;132340147608148809;2020-05-15;14:12:40.815;application/x-bolt;23381;0950728460;132340147326550000;2020-05-15;14:12:12.655;;;;;;18008;132340147506630000;2020-05-15;14:12:30.663;;;;;;;;131900_0034387421;;;;Camera06;01;EDI+EDI;;Accept;;131900;2484;;123;Departures;;;;;;;;;;;;
D01/00000D49394B0007;132340147806662547;2020-05-15;14:13:00.666;application/x-bolt;26194;0950728461;132340147524960000;2020-05-15;14:12:32.496;;;;;;18008;132340147705040000;2020-05-15;14:12:50.504;;;;;;;;131900_0034387425;;;;;;EDI+EDI;;Accept;;131900;2502;;123;Departures;;;;;;;;;;;;
D01/00000D4939520007;132340148007047832;2020-05-15;14:13:20.705;application/x-bolt;25160;0546233573;132340147739596000;2020-05-15;14:12:53.960;;;;;;18007;132340147919666000;2020-05-15;14:13:11.967;;;;;;;;131800_0034387422;;;;;;EDI+EDI;;Accept;;131800;2260;;123;Departures;;;;;;;;;;;;
D01/00000D4939590006;132340148034760690;2020-05-15;14:13:23.476;application/x-bolt;23484;0546233571;132340147767176000;2020-05-15;14:12:56.718;;;;;;18019;132340147947366000;2020-05-15;14:13:14.737;;;;;;;;131800_0034387423;;;;Camera06;03;EDI+EDI;;Accept;;131800;2271;;123;Departures;;;;;;;;;;;;
D01/00000D49395F0006;132340148067817957;2020-05-15;14:13:26.782;application/x-bolt;21248;0546233574;132340147800486000;2020-05-15;14:13:00.049;;;;;;18016;132340147980646000;2020-05-15;14:13:18.065;;;;;;;;131800_0034387424;;;;;;EDI+EDI;;Accept;;131800;2278;;123;Departures;;;;;;;;;;;;
D01/00000D4939650007;132340148114686613;2020-05-15;14:13:31.469;application/x-bolt;25186;0546233575;132340147847256000;2020-05-15;14:13:04.726;;;;;;18007;132340148027326000;2020-05-15;14:13:22.733;;;;;;;;131800_0034387427;;;;;;EDI+EDI;;Accept;;131800;2268;;123;Departures;;;;;;;;;;;;
D01/00000D49396C0007;132340148202789281;2020-05-15;14:13:40.279;application/x-bolt;26173;0546233572;132340147935356000;2020-05-15;14:13:13.536;;;;;;18008;132340148115436000;2020-05-15;14:13:31.544;;;;;;;;131800_0034387428;;;;;;EDI+EDI;;Accept;;131800;2295;;123;Departures;;;;;;;;;;;;
D01/00000D4939730006;132340148329974189;2020-05-15;14:13:52.997;application/x-bolt;23802;0199369291 / 0546233576;132340148062576000;2020-05-15;14:13:26.258;;;;;;18006;132340148242636000;2020-05-15;14:13:44.264;;;;;;;;131800_0034387430;;;Multiple main barcodes detected;Camera04;07;EDI+EDI;;Accept;;131800;3162;;123;Departures;;;;;;;;;;;;
D01/00000D4939790006;132340148623896630;2020-05-15;14:14:22.390;application/x-bolt;24114;0523408909;132340148375306000;2020-05-15;14:13:57.531;;;;;;18007;132340148555376000;2020-05-15;14:14:15.538;;;;;;;;132000_0034387434;;;;;;EDI+EDI;;Accept;;132000;2211;;123;Departures;;;;;;;;;;;;
D01/00000D49397F0006;132340148678411591;2020-05-15;14:14:27.841;application/x-bolt;21178;0523408910;132340148429936000;2020-05-15;14:14:02.994;;;;;;18007;132340148610006000;2020-05-15;14:14:21.001;;;;;;;;132000_0034387435;;;;;;EDI+EDI;;Accept;;132000;2223;;123;Departures;;;;;;;;;;;;
D01/00000D4939850006;132340148704192856;2020-05-15;14:14:30.419;application/x-bolt;21450;0546233577;132340148436826000;2020-05-15;14:14:03.683;;;;;;18007;132340148616896000;2020-05-15;14:14:21.690;;;;;;;;131800_0034387432;;;;;;EDI+EDI;;Accept;;131800;2310;;123;Departures;;;;;;;;;;;;
D01/00000D49398B0007;132340148773169747;2020-05-15;14:14:37.317;application/x-bolt;27591;0950728463;132340148491350000;2020-05-15;14:14:09.135;;;;;;18007;132340148671420000;2020-05-15;14:14:27.142;;;;;;;;131900_0034387437;;;;;;EDI+EDI;;Accept;;131900;2470;;123;Departures;;;;;;;;;;;;
D01/00000D4939990007;132340148973014585;2020-05-15;14:14:57.301;application/x-bolt;26934;0950728462;132340148691270000;2020-05-15;14:14:29.127;;;;;;18008;132340148871350000;2020-05-15;14:14:47.135;;;;;;;;131900_0034387439;;;;;;EDI+EDI;;Accept;;131900;2484;;123;Departures;;;;;;;;;;;;
D01/00000D4939920007;132340148958772837;2020-05-15;14:14:55.877;application/x-bolt;24350;0523553513;132340148710166000;2020-05-15;14:14:31.017;;;;;;18006;132340148890226000;2020-05-15;14:14:49.023;;;;;;;;132000_0034387438;;;;;;EDI+EDI;;Accept;;132000;2249;;123;Departures;;;;;;;;;;;;
D01/00000D4939A00006;132340149248762029;2020-05-15;14:15:24.876;application/x-bolt;23725;0546233578;132340148981276000;2020-05-15;14:14:58.128;;;;;;18006;132340149161336000;2020-05-15;14:15:16.134;;;;;;;;131800_0034387440;;;;Camera04;08;EDI+EDI;;Accept;;131800;2314;;123;Departures;;;;;;;;;;;;
D01/00000D4939A60006;132340149276474892;2020-05-15;14:15:27.647;application/x-bolt;23625;0523440188;132340149027736000;2020-05-15;14:15:02.774;;;;;;18020;132340149207936000;2020-05-15;14:15:20.794;;;;;;;;132000_0034387443;;;;;;EDI+EDI;;Accept;;132000;2239;;123;Departures;;;;;;;;;;;;
D01/00000D4939AC0007;132340149304417940;2020-05-15;14:15:30.442;application/x-bolt;25569;0523451123;132340149055856000;2020-05-15;14:15:05.586;;;;;;18007;132340149235926000;2020-05-15;14:15:23.593;;;;;;;;132000_0034387442;;;;;;EDI+EDI;;Accept;;132000;2252;;123;Departures;;;;;;;;;;;;
D01/00000D4939B30007;132340149429130803;2020-05-15;14:15:42.913;application/x-bolt;26419;0950728464;132340149147420000;2020-05-15;14:15:14.742;;;;;;18007;132340149327490000;2020-05-15;14:15:32.749;;;;;;;;131900_0034387444;;;;;;EDI+EDI;;Accept;;131900;4922;;123;Departures;;;;;;;;;;;;
D01/00000D4939BA0007;132340149644408372;2020-05-15;14:16:04.441;application/x-bolt;24399;0523505745;132340149395896000;2020-05-15;14:15:39.590;;;;;;18007;132340149575966000;2020-05-15;14:15:57.597;;;;;;;;132000_0034387447;;;;;;EDI+EDI;;Accept;;132000;2286;;123;Departures;;;;;;;;;;;;
D01/00000D4939C10006;132340149671230495;2020-05-15;14:16:07.123;application/x-bolt;23714;0523517721;132340149422646000;2020-05-15;14:15:42.265;;;;;;18007;132340149602716000;2020-05-15;14:16:00.272;;;;;;;;132000_0034387446;;;;;;EDI+EDI;;Accept;;132000;2267;;123;Departures;;;;;;;;;;;;
D01/00000D4939C70007;132340149699934168;2020-05-15;14:16:09.993;application/x-bolt;25343;0546233581;132340149432396000;2020-05-15;14:15:43.240;;;;;;18006;132340149612456000;2020-05-15;14:16:01.246;;;;;;;;131800_0034387445;;;;Camera04;05;EDI+EDI;;Accept;;131800;2308;;123;Departures;;;;;;;;;;;;
D01/00000D4939CE0007;132340149705859055;2020-05-15;14:16:10.586;application/x-bolt;24501;0523518922;132340149457166000;2020-05-15;14:15:45.717;;;;;;18014;132340149637306000;2020-05-15;14:16:03.731;;;;;;;;132000_0034387450;;;;;;EDI+EDI;;Accept;;132000;2328;;123;Departures;;;;;;;;;;;;
D01/00000D4939D50006;132340149736504334;2020-05-15;14:16:13.650;application/x-bolt;24126;0523530916;132340149487456000;2020-05-15;14:15:48.746;;;;;;18062;132340149668076000;2020-05-15;14:16:06.808;;;;;;;;132000_0034387449;;;;;;EDI+EDI;;Accept;;132000;2298;;123;Departures;;;;;;;;;;;;
D01/00000D4939DB0007;132340149772704192;2020-05-15;14:16:17.270;application/x-bolt;24640;0950728465;132340149491150000;2020-05-15;14:15:49.115;;;;;;18008;132340149671230000;2020-05-15;14:16:07.123;;;;;;;;131900_0034387452;;;;Camera06;05;EDI+EDI;;Accept;;131900;2495;;123;Departures;;;;;;;;;;;;
D01/00000D4939E20007;132340149924709568;2020-05-15;14:16:32.471;application/x-bolt;24508;0546233579;132340149657196000;2020-05-15;14:16:05.720;;;;;;18006;132340149837256000;2020-05-15;14:16:23.726;;;;;;;;131800_0034387448;;;;;;EDI+EDI;;Accept;;131800;3701;;123;Departures;;;;;;;;;;;;
D01/00000D4939E90007;132340150040214841;2020-05-15;14:16:44.021;application/x-bolt;24880;0523582445;132340149791526000;2020-05-15;14:16:19.153;;;;;;18007;132340149971596000;2020-05-15;14:16:37.160;;;;;;;;132000_0034387454;;;;;;EDI+EDI;;Accept;;132000;2325;;123;Departures;;;;;;;;;;;;
D01/00000D4939F60007;132340150085592271;2020-05-15;14:16:48.559;application/x-bolt;24587;0950728466;132340149803760000;2020-05-15;14:16:20.376;;;;;;18008;132340149983840000;2020-05-15;14:16:38.384;;;;;;;;131900_0034387455;;;;Camera03;08;EDI+EDI;;Accept;;131900;2514;;123;Departures;;;;;;;;;;;;
D01/00000D4939F00006;132340150071500648;2020-05-15;14:16:47.150;application/x-bolt;22573;0523396171;132340149822906000;2020-05-15;14:16:22.291;;;;;;18008;132340150002986000;2020-05-15;14:16:40.299;;;;;;;;132000_0034387453;;;;Camera05;09;EDI+EDI;;Accept;;132000;2329;;123;Departures;;;;;;;;;;;;
D01/00000D4939FD0007;132340150261687522;2020-05-15;14:17:06.169;application/x-bolt;25730;0950728468;132340149979910000;2020-05-15;14:16:37.991;;;;;;18007;132340150159980000;2020-05-15;14:16:55.998;;;;;;;;131900_0034387456;;;;;;EDI+EDI;;Accept;;131900;2507;;123;Departures;;;;;;;;;;;;
D01/00000D493A040007;132340150402994072;2020-05-15;14:17:20.299;application/x-bolt;25765;0950728467;132340150121240000;2020-05-15;14:16:52.124;;;;;;18007;132340150301310000;2020-05-15;14:17:10.131;;;;;;;;131900_0034387457;;;;;;EDI+EDI;;Accept;;131900;2506;;123;Departures;;;;;;;;;;;;
D01/00000D493A0B0006;132340150441635946;2020-05-15;14:17:24.164;application/x-bolt;23594;0235573043 / 0523582446;132340150192996000;2020-05-15;14:16:59.300;;;;;;18008;132340150373076000;2020-05-15;14:17:17.308;;;;;;;;132000_0034387458;;;Multiple main barcodes detected;;;EDI+EDI;;Accept;;132000;2323;;123;Departures;;;;;;;;;;;;
D01/00000D493A110007;132340150718654440;2020-05-15;14:17:51.865;application/x-bolt;24148;0950728469;132340150436940000;2020-05-15;14:17:23.694;;;;;;18007;132340150617010000;2020-05-15;14:17:41.701;;;;;;;;131900_0034387462;;;;Camera06;01;EDI+EDI;;Accept;;131900;2480;;123;Departures;;;;;;;;;;;;
D01/00000D493A180006;132340150860291266;2020-05-15;14:18:06.029;application/x-bolt;23654;0546233580;132340150592866000;2020-05-15;14:17:39.287;;;;;;18007;132340150772936000;2020-05-15;14:17:57.294;;;;;;;;131800_0034387451;;;;Camera02;10;EDI+EDI;;Accept;;131800;2309;;123;Departures;;;;;;;;;;;;
D01/00000D493A1E0007;132340150957841726;2020-05-15;14:18:15.784;application/x-bolt;27012;0950728470;132340150676100000;2020-05-15;14:17:47.610;;;;;;18007;132340150856170000;2020-05-15;14:18:05.617;;;;;;;;131900_0034387464;;;;;;EDI+EDI;;Accept;;131900;2473;;123;Departures;;;;;;;;;;;;
D01/00000D493A250007;132340150978688924;2020-05-15;14:18:17.869;application/x-bolt;24257;0546233584;132340150711206000;2020-05-15;14:17:51.121;;;;;;18006;132340150891266000;2020-05-15;14:18:09.127;;;;;;;;131800_0034387459;;;;;;EDI+EDI;;Accept;;131800;2323;;123;Departures;;;;;;;;;;;;
D01/00000D493A2C0006;132340151029330693;2020-05-15;14:18:22.933;application/x-bolt;21656;0546233583;132340150761906000;2020-05-15;14:17:56.191;;;;;;18007;132340150941976000;2020-05-15;14:18:14.198;;;;;;;;131800_0034387460;;;;;;EDI+EDI;;Accept;;131800;2350;;123;Departures;;;;;;;;;;;;
D01/00000D493A320006;132340151061467198;2020-05-15;14:18:26.147;application/x-bolt;21270;0523552558;132340150812876000;2020-05-15;14:18:01.288;;;;;;18007;132340150992946000;2020-05-15;14:18:19.295;;;;;;;;132000_0034387465;;;;;;EDI+EDI;;Accept;;132000;2344;;123;Departures;;;;;;;;;;;;
D01/00000D493A3E0007;132340151123148077;2020-05-15;14:18:32.315;application/x-bolt;26141;0950728471;132340150841420000;2020-05-15;14:18:04.142;;;;;;18011;132340151021530000;2020-05-15;14:18:22.153;;;;;;;;131900_0034387469;;;;;;EDI+EDI;;Accept;;131900;2532;;123;Departures;;;;;;;;;;;;
D01/00000D493A380006;132340151111718649;2020-05-15;14:18:31.172;application/x-bolt;21592;0546233582;132340150844246000;2020-05-15;14:18:04.425;;;;;;18006;132340151024306000;2020-05-15;14:18:22.431;;;;;;;;131800_0034387463;;;;;;EDI+EDI;;Accept;;131800;2321;;123;Departures;;;;;;;;;;;;
D01/00000D493A450007;132340151145646635;2020-05-15;14:18:34.565;application/x-bolt;27261;0235975549;132340150863870000;2020-05-15;14:18:06.387;;;;;;18008;132340151043950000;2020-05-15;14:18:24.395;;;;;;;;131900_0034387461;;;;;;EDI+EDI;;Accept;;131900;2471;;123;Departures;;;;;;;;;;;;
D01/00000D493A4C0007;132340151237892721;2020-05-15;14:18:43.789;application/x-bolt;25500;0523406196;132340150989206000;2020-05-15;14:18:18.921;;;;;;18007;132340151169276000;2020-05-15;14:18:36.928;;;;;;;;132000_0034387468;;;;;;EDI+EDI;;Accept;;132000;2353;;123;Departures;;;;;;;;;;;;
D01/00000D493A530006;132340151280247657;2020-05-15;14:18:48.025;application/x-bolt;21565;0546233585;132340151012876000;2020-05-15;14:18:21.288;;;;;;18007;132340151192946000;2020-05-15;14:18:39.295;;;;;;;;131800_0034387466;;;;;;EDI+EDI;;Accept;;131800;2317;;123;Departures;;;;;;;;;;;;
D01/00000D493A590006;132340151335893555;2020-05-15;14:18:53.589;application/x-bolt;23725;0523540672;132340151087376000;2020-05-15;14:18:28.738;;;;;;18006;132340151267436000;2020-05-15;14:18:46.744;;;;;;;;132000_0034387470;;;;;;EDI+EDI;;Accept;;132000;2673;;123;Departures;;;;;;;;;;;;
D01/00000D493A5F0006;132340151501830422;2020-05-15;14:19:10.183;application/x-bolt;23830;0546233586;132340151234266000;2020-05-15;14:18:43.427;;;;;;18007;132340151414336000;2020-05-15;14:19:01.434;;;;;;;;131800_0034387467;;;;Camera04;03;EDI+EDI;;Accept;;131800;2337;;123;Departures;;;;;;;;;;;;
D01/00000D493A650007;132340151628414837;2020-05-15;14:19:22.841;application/x-bolt;24578;0523451127;132340151379946000;2020-05-15;14:18:57.995;;;;;;18007;132340151560016000;2020-05-15;14:19:16.002;;;;;;;;132000_0034387471;;;;;;EDI+EDI;;Accept;;132000;2390;;123;Departures;;;;;;;;;;;;
D01/00000D493A6C0006;132340151652124388;2020-05-15;14:19:25.212;application/x-bolt;23260;0523532847;132340151403606000;2020-05-15;14:19:00.361;;;;;;18007;132340151583676000;2020-05-15;14:19:18.368;;;;;;;;132000_0034387473;;;;Camera02;09;EDI+EDI;;Accept;;132000;2332;;123;Departures;;;;;;;;;;;;
D01/00000D493A720006;132340151714095508;2020-05-15;14:19:31.410;application/x-bolt;23862;0523583260;132340151465606000;2020-05-15;14:19:06.561;;;;;;18007;132340151645676000;2020-05-15;14:19:24.568;;;;;;;;132000_0034387472;;;;Camera05;01;EDI+EDI;;Accept;;132000;2412;;123;Departures;;;;;;;;;;;;
D01/00000D493A780007;132340151745121096;2020-05-15;14:19:34.512;application/x-bolt;24220;0523532848 / 0235596340;132340151496426000;2020-05-15;14:19:09.643;;;;;;18017;132340151676596000;2020-05-15;14:19:27.660;;;;;;;;132000_0034387474;;;Multiple main barcodes detected;;;EDI+EDI;;Accept;;132000;2389;;123;Departures;;;;;;;;;;;;
D01/00000D493A7F0007;132340151836196220;2020-05-15;14:19:43.620;application/x-bolt;24835;0950728472;132340151554500000;2020-05-15;14:19:15.450;;;;;;18007;132340151734570000;2020-05-15;14:19:33.457;;;;;;;;131900_0034387476;;;;Camera03;12;EDI+EDI;;Accept;;131900;4221;;123;Departures;;;;;;;;;;;;
D01/00000D493A860007;132340151905823648;2020-05-15;14:19:50.582;application/x-bolt;24176;0523583262;132340151657286000;2020-05-15;14:19:25.729;;;;;;18007;132340151837356000;2020-05-15;14:19:43.736;;;;;;;;132000_0034387475;;;;;;EDI+EDI;;Accept;;132000;2382;;123;Departures;;;;;;;;;;;;
D01/00000D493A8D0006;132340152133481429;2020-05-15;14:20:13.348;application/x-bolt;23299;0523541564;132340151884886000;2020-05-15;14:19:48.489;;;;;;18006;132340152064946000;2020-05-15;14:20:06.495;;;;;;;;132000_0034387477;;;;Camera01;09;EDI+EDI;;Accept;;132000;2917;;123;Departures;;;;;;;;;;;;
D01/00000D493A930007;132340152366173359;2020-05-15;14:20:36.617;application/x-bolt;25077;0523573396;132340152117606000;2020-05-15;14:20:11.761;;;;;;18007;132340152297676000;2020-05-15;14:20:29.768;;;;;;;;132000_0034387480;;;;;;EDI+EDI;;Accept;;132000;2390;;123;Departures;;;;;;;;;;;;
D01/00000D493A9A0006;132340152414353100;2020-05-15;14:20:41.435;application/x-bolt;23728;0523583261;132340152165796000;2020-05-15;14:20:16.580;;;;;;18007;132340152345866000;2020-05-15;14:20:34.587;;;;;;;;132000_0034387478;;;;Camera05;05;EDI+EDI;;Accept;;132000;2409;;123;Departures;;;;;;;;;;;;
D01/00000D493AA00007;132340152640079284;2020-05-15;14:21:04.008;application/x-bolt;24193;0523563532;132340152391466000;2020-05-15;14:20:39.147;;;;;;18006;132340152571526000;2020-05-15;14:20:57.153;;;;;;;;132000_0034387482;;;;;;EDI+EDI;;Accept;;132000;2393;;123;Departures;;;;;;;;;;;;
D01/00000D493AA70006;132340152704732609;2020-05-15;14:21:10.473;application/x-bolt;24053;0546233587;132340152437256000;2020-05-15;14:20:43.726;;;;;;18007;132340152617326000;2020-05-15;14:21:01.733;;;;;;;;131800_0034387479;;;;;;EDI+EDI;;Accept;;131800;2301;;123;Departures;;;;;;;;;;;;
D01/00000D493AAD0007;132340152903316406;2020-05-15;14:21:30.332;application/x-bolt;24448;0546233588;132340152635826000;2020-05-15;14:21:03.583;;;;;;18007;132340152815896000;2020-05-15;14:21:21.590;;;;;;;;131800_0034387481;;;;;;EDI+EDI;;Accept;;131800;2300;;123;Departures;;;;;;;;;;;;
D01/00000D493AB40006;132340153176852028;2020-05-15;14:21:57.685;application/x-bolt;23243;0546233589;132340152909316000;2020-05-15;14:21:30.932;;;;;;18006;132340153089376000;2020-05-15;14:21:48.938;;;;;;;;131800_0034387483;;;;Camera04;01;EDI+EDI;;Accept;;131800;2303;;123;Departures;;;;;;;;;;;;
D01/00000D493ABA0006;132340153412786635;2020-05-15;14:22:21.279;application/x-bolt;23301;0546233590 / 0235598754;132340153145206000;2020-05-15;14:21:54.521;;;;;;18007;132340153325276000;2020-05-15;14:22:12.528;;;;;;;;131800_0034387484;;;Multiple main barcodes detected;Camera05;10;EDI+EDI;;Accept;;131800;2310;;123;Departures;;;;;;;;;;;;
D01/00000D493AC00007;132340153720260242;2020-05-15;14:22:52.026;application/x-bolt;27078;0950728473;132340153438680000;2020-05-15;14:22:23.868;;;;;;18007;132340153618750000;2020-05-15;14:22:41.875;;;;;;;;131900_0034387489;;;;;;EDI+EDI;;Accept;;131900;2474;;123;Departures;;;;;;;;;;;;
D01/00000D493AC70006;132340153750184931;2020-05-15;14:22:55.018;application/x-bolt;23967;0546233591;132340153482626000;2020-05-15;14:22:28.263;;;;;;18006;132340153662686000;2020-05-15;14:22:46.269;;;;;;;;131800_0034387485;;;;;;EDI+EDI;;Accept;;131800;2321;;123;Departures;;;;;;;;;;;;
D01/00000D493ACD0007;132340153833683798;2020-05-15;14:23:03.368;application/x-bolt;25127;0546233592;132340153566136000;2020-05-15;14:22:36.614;;;;;;18006;132340153746196000;2020-05-15;14:22:54.620;;;;;;;;131800_0034387486;;;;;;EDI+EDI;;Accept;;131800;2334;;123;Departures;;;;;;;;;;;;
D01/00000D493AD40006;132340153892122001;2020-05-15;14:23:09.212;application/x-bolt;23809;0523530917;132340153643506000;2020-05-15;14:22:44.351;;;;;;18007;132340153823576000;2020-05-15;14:23:02.358;;;;;;;;132000_0034387490;;;;Camera02;09;EDI+EDI;;Accept;;132000;2333;;123;Departures;;;;;;;;;;;;
D01/00000D493ADA0006;132340153952471780;2020-05-15;14:23:15.247;application/x-bolt;22465;0546233593;132340153684936000;2020-05-15;14:22:48.494;;;;;;18007;132340153865006000;2020-05-15;14:23:06.501;;;;;;;;131800_0034387487;;;;Camera04;03;EDI+EDI;;Accept;;131800;2341;;123;Departures;;;;;;;;;;;;
D01/00000D493AE70006;132340154065705177;2020-05-15;14:23:26.571;application/x-bolt;23508;0546233594;132340153798256000;2020-05-15;14:22:59.826;;;;;;18006;132340153978316000;2020-05-15;14:23:17.832;;;;;;;;131800_0034387488;;;;Camera06;08;EDI+EDI;;Accept;;131800;2376;;123;Departures;;;;;;;;;;;;
D01/00000D493AE00007;132340154061081367;2020-05-15;14:23:26.108;application/x-bolt;25791;0523529936;132340153812446000;2020-05-15;14:23:01.245;;;;;;18006;132340153992506000;2020-05-15;14:23:19.251;;;;;;;;132000_0034387492;;;;;;EDI+EDI;;Accept;;132000;2342;;123;Departures;;;;;;;;;;;;
D01/00000D493AED0007;132340154142068164;2020-05-15;14:23:34.207;application/x-bolt;25256;0950728474;132340153860160000;2020-05-15;14:23:06.016;;;;;;18008;132340154040240000;2020-05-15;14:23:24.024;;;;;;;;131900_0034387493;;;;Camera06;04;EDI+EDI;;Accept;;131900;2454;;123;Departures;;;;;;;;;;;;
D01/00000D493AF40007;132340154259885346;2020-05-15;14:23:45.989;application/x-bolt;24792;0546233595;132340153992366000;2020-05-15;14:23:19.237;;;;;;18007;132340154172436000;2020-05-15;14:23:37.244;;;;;;;;131800_0034387491;;;;;;EDI+EDI;;Accept;;131800;2290;;123;Departures;;;;;;;;;;;;
D01/00000D493AFB0007;132340154290270410;2020-05-15;14:23:49.027;application/x-bolt;25202;0523542802;132340154041556000;2020-05-15;14:23:24.156;;;;;;18007;132340154221626000;2020-05-15;14:23:42.163;;;;;;;;132000_0034387494;;;;;;EDI+EDI;;Accept;;132000;2344;;123;Departures;;;;;;;;;;;;
D01/00000D493B020007;132340154440445857;2020-05-15;14:24:04.045;application/x-bolt;25353;0950728475;132340154158640000;2020-05-15;14:23:35.864;;;;;;18008;132340154338720000;2020-05-15;14:23:53.872;;;;;;;;131900_0034387496;;;;;;EDI+EDI;;Accept;;131900;3781;;123;Departures;;;;;;;;;;;;
D01/00000D493B090006;132340154484981009;2020-05-15;14:24:08.498;application/x-bolt;23572;0523562589;132340154236266000;2020-05-15;14:23:43.627;;;;;;18014;132340154416406000;2020-05-15;14:24:01.641;;;;;;;;132000_0034387495;;;;Camera06;03;EDI+EDI;;Accept;;132000;2333;;123;Departures;;;;;;;;;;;;
D01/00000D493B150007;132340154641990515;2020-05-15;14:24:24.199;application/x-bolt;24366;0950728476;132340154360220000;2020-05-15;14:23:56.022;;;;;;18007;132340154540290000;2020-05-15;14:24:14.029;;;;;;;;131900_0034387498;;;;Camera06;02;EDI+EDI;;Accept;;131900;3594;;123;Departures;;;;;;;;;;;;
D01/00000D493B0F0006;132340154623635376;2020-05-15;14:24:22.364;application/x-bolt;23703;0523562590 / 0235986000 / 0235616547;132340154375066000;2020-05-15;14:23:57.507;;;;;;18007;132340154555136000;2020-05-15;14:24:15.514;;;;;;;;132000_0034387497;;;Multiple main barcodes detected;Camera06;03;EDI+EDI;;Accept;;132000;2379;;123;Departures;;;;;;;;;;;;
D01/00000D493B1C0007;132340155051488282;2020-05-15;14:25:05.149;application/x-bolt;24447;0950728477;132340154769760000;2020-05-15;14:24:36.976;;;;;;18009;132340154949850000;2020-05-15;14:24:54.985;;;;;;;;131900_0034387499;;;;Camera06;04;EDI+EDI;;Accept;;131900;2667;;123;Departures;;;;;;;;;;;;
D01/00000D493B230007;132340155224270798;2020-05-15;14:25:22.427;application/x-bolt;25325;0950728478;132340154942500000;2020-05-15;14:24:54.250;;;;;;18008;132340155122580000;2020-05-15;14:25:12.258;;;;;;;;131900_0034387501;;;;Camera06;04;EDI+EDI;;Accept;;131900;2461;;123;Departures;;;;;;;;;;;;
D01/00000D493B2A0007;132340155383582199;2020-05-15;14:25:38.358;application/x-bolt;25783;0523520788;132340155134976000;2020-05-15;14:25:13.498;;;;;;18007;132340155315046000;2020-05-15;14:25:31.505;;;;;;;;132000_0034387503;;;;;;EDI+EDI;;Accept;;132000;2280;;123;Departures;;;;;;;;;;;;
D01/00000D493B310006;132340155425106451;2020-05-15;14:25:42.511;application/x-bolt;23990;0950728479;132340155143260000;2020-05-15;14:25:14.326;;;;;;18007;132340155323330000;2020-05-15;14:25:32.333;;;;;;;;131900_0034387507;;;;Camera06;03;EDI+EDI;;Accept;;131900;2489;;123;Departures;;;;;;;;;;;;
D01/00000D493B370007;132340155725364111;2020-05-15;14:26:12.536;application/x-bolt;24288;0235735176 / 0546233596;132340155457796000;2020-05-15;14:25:45.780;;;;;;18007;132340155637866000;2020-05-15;14:26:03.787;;;;;;;;131800_0034387504;;;Multiple main barcodes detected;;;EDI+EDI;;Accept;;131800;3638;;123;Departures;;;;;;;;;;;;
D01/00000D493B440006;132340155762434688;2020-05-15;14:26:16.243;application/x-bolt;23960;0546233597;132340155494936000;2020-05-15;14:25:49.494;;;;;;18008;132340155675016000;2020-05-15;14:26:07.502;;;;;;;;131800_0034387502;;;;Camera01;08;EDI+EDI;;Accept;;131800;2333;;123;Departures;;;;;;;;;;;;
D01/00000D493B3E0006;132340155754127835;2020-05-15;14:26:15.413;application/x-bolt;23278;0523520789;132340155505466000;2020-05-15;14:25:50.547;;;;;;18014;132340155685606000;2020-05-15;14:26:08.561;;;;;;;;132000_0034387510;;;;;;EDI+EDI;;Accept;;132000;2292;;123;Departures;;;;;;;;;;;;
D01/00000D493B4A0006;132340155791488653;2020-05-15;14:26:19.149;application/x-bolt;23937;0523539237 / 0546233600;132340155524016000;2020-05-15;14:25:52.402;;;;;;18007;132340155704086000;2020-05-15;14:26:10.409;;;;;;;;131800_0034387506;;;Multiple main barcodes detected;Camera06;08;EDI+EDI;;Accept;;131800;2323;;123;Departures;;;;;;;;;;;;
D01/00000D493B500007;132340155942703381;2020-05-15;14:26:34.270;application/x-bolt;24143;0950728480;132340155660920000;2020-05-15;14:26:06.092;;;;;;18008;132340155841000000;2020-05-15;14:26:24.100;;;;;;;;131900_0034387512;;;;Camera06;03;EDI+EDI;;Accept;;131900;2494;;123;Departures;;;;;;;;;;;;
D01/00000D493B570007;132340156011600207;2020-05-15;14:26:41.160;application/x-bolt;25157;0546233599;132340155743026000;2020-05-15;14:26:14.303;;;;;;18110;132340155924126000;2020-05-15;14:26:32.413;;;;;;;;131800_0034387508;;;;;;EDI+EDI;;Accept;;131800;2319;;123;Departures;;;;;;;;;;;;
D01/00000D493B5E0006;132340156126755189;2020-05-15;14:26:52.676;application/x-bolt;23424;0546233598;132340155859196000;2020-05-15;14:26:25.920;;;;;;18010;132340156039296000;2020-05-15;14:26:43.930;;;;;;;;131800_0034387511;;;;Camera04;01;EDI+EDI;;Accept;;131800;3493;;123;Departures;;;;;;;;;;;;
D01/00000D493B640007;132340156410769455;2020-05-15;14:27:21.077;application/x-bolt;25829;0546233601;132340156143276000;2020-05-15;14:26:54.328;;;;;;18007;132340156323346000;2020-05-15;14:27:12.335;;;;;;;;131800_0034387513;;;;;;EDI+EDI;;Accept;;131800;2349;;123;Departures;;;;;;;;;;;;
D01/00000D493B6B0006;132340156842615651;2020-05-15;14:28:04.262;application/x-bolt;21330;0546233602;132340156575086000;2020-05-15;14:27:37.509;;;;;;18006;132340156755146000;2020-05-15;14:27:55.515;;;;;;;;131800_0034387514;;;;;;EDI+EDI;;Accept;;131800;2326;;123;Departures;;;;;;;;;;;;
D01/00000D493B710006;132340157559837236;2020-05-15;14:29:15.984;application/x-bolt;23211;0546233605 / 0235763926;132340157292226000;2020-05-15;14:28:49.223;;;;;;18007;132340157472296000;2020-05-15;14:29:07.230;;;;;;;;131800_0034387515;;;Multiple main barcodes detected;;;EDI+EDI;;Accept;;131800;2305;;123;Departures;;;;;;;;;;;;
D01/00000D493B770006;132340157590722712;2020-05-15;14:29:19.072;application/x-bolt;21347;0546233606;132340157322376000;2020-05-15;14:28:52.238;;;;;;18096;132340157503336000;2020-05-15;14:29:10.334;;;;;;;;131800_0034387516;;;;;;EDI+EDI;;Accept;;131800;2308;;123;Departures;;;;;;;;;;;;
D01/00000D493B7D0007;132340157692706833;2020-05-15;14:29:29.271;application/x-bolt;25156;0523552559;132340157444066000;2020-05-15;14:29:04.407;;;;;;18007;132340157624136000;2020-05-15;14:29:22.414;;;;;;;;132000_0034387518;;;;;;EDI+EDI;;Accept;;132000;2270;;123;Departures;;;;;;;;;;;;
D01/00000D493B840007;132340157904891848;2020-05-15;14:29:50.489;application/x-bolt;24367;0546233607;132340157637336000;2020-05-15;14:29:23.734;;;;;;18007;132340157817406000;2020-05-15;14:29:41.741;;;;;;;;131800_0034387517;;;;;;EDI+EDI;;Accept;;131800;2301;;123;Departures;;;;;;;;;;;;
D01/00000D493B8B0006;132340158135902391;2020-05-15;14:30:13.590;application/x-bolt;21165;0546233608;132340157868416000;2020-05-15;14:29:46.842;;;;;;18007;132340158048486000;2020-05-15;14:30:04.849;;;;;;;;131800_0034387519;;;;;;EDI+EDI;;Accept;;131800;2570;;123;Departures;;;;;;;;;;;;
D01/00000D493B910007;132340158194570783;2020-05-15;14:30:19.457;application/x-bolt;24691;0928086239 / 0523517722;132340157945326000;2020-05-15;14:29:54.533;;;;;;18007;132340158125396000;2020-05-15;14:30:12.540;;;;;;;;132000_0034387522;;;Multiple main barcodes detected;Camera06;02;EDI+EDI;;Accept;;132000;2246;;123;Departures;;;;;;;;;;;;
D01/00000D493B980006;132340158249566146;2020-05-15;14:30:24.957;application/x-bolt;23734;0523436951;132340158000856000;2020-05-15;14:30:00.086;;;;;;18007;132340158180926000;2020-05-15;14:30:18.093;;;;;;;;132000_0034387526;;;;Camera05;05;EDI+EDI;;Accept;;132000;2249;;123;Departures;;;;;;;;;;;;
D01/00000D493B9E0006;132340158361448427;2020-05-15;14:30:36.145;application/x-bolt;23528;0546233604;132340158093806000;2020-05-15;14:30:09.381;;;;;;18007;132340158273876000;2020-05-15;14:30:27.388;;;;;;;;131800_0034387521;;;;Camera01;07;EDI+EDI;;Accept;;131800;2351;;123;Departures;;;;;;;;;;;;
D01/00000D493BA40006;132340158442745482;2020-05-15;14:30:44.275;application/x-bolt;21259;0546233609;132340158175256000;2020-05-15;14:30:17.526;;;;;;18007;132340158355326000;2020-05-15;14:30:35.533;;;;;;;;131800_0034387523;;;;;;EDI+EDI;;Accept;;131800;3896;;123;Departures;;;;;;;;;;;;
D01/00000D493BAA0007;132340158477414077;2020-05-15;14:30:47.741;application/x-bolt;24262;0546233603;132340158209896000;2020-05-15;14:30:20.990;;;;;;18007;132340158389966000;2020-05-15;14:30:38.997;;;;;;;;131800_0034387524;;;;;;EDI+EDI;;Accept;;131800;2350;;123;Departures;;;;;;;;;;;;
D01/00000D493BB10007;132340158508619818;2020-05-15;14:30:50.862;application/x-bolt;25278;0546233610;132340158240906000;2020-05-15;14:30:24.091;;;;;;18017;132340158421076000;2020-05-15;14:30:42.108;;;;;;;;131800_0034387525;;;;;;EDI+EDI;;Accept;;131800;2355;;123;Departures;;;;;;;;;;;;
D01/00000D493BB80006;132340158704411315;2020-05-15;14:31:10.441;application/x-bolt;21379;0546233612;132340158436946000;2020-05-15;14:30:43.695;;;;;;18006;132340158617006000;2020-05-15;14:31:01.701;;;;;;;;131800_0034387528;;;;;;EDI+EDI;;Accept;;131800;2388;;123;Departures;;;;;;;;;;;;
D01/00000D493BBE0007;132340158793324651;2020-05-15;14:31:19.332;application/x-bolt;24521;0546233611;132340158525746000;2020-05-15;14:30:52.575;;;;;;18006;132340158705806000;2020-05-15;14:31:10.581;;;;;;;;131800_0034387530;;;;;;EDI+EDI;;Accept;;131800;2386;;123;Departures;;;;;;;;;;;;
D01/00000D493BC50007;132340158851382538;2020-05-15;14:31:25.138;application/x-bolt;25266;0546233613 / 0546191679;132340158584006000;2020-05-15;14:30:58.401;;;;;;18006;132340158764066000;2020-05-15;14:31:16.407;;;;;;;;131800_0034387529;;;Multiple main barcodes detected;;;EDI+EDI;;Accept;;131800;2409;;123;Departures;;;;;;;;;;;;
D01/00000D493BD30007;132340159043230779;2020-05-15;14:31:44.323;application/x-bolt;24724;0950728481 / 0650728481;132340158761320000;2020-05-15;14:31:16.132;;;;;;18008;132340158941400000;2020-05-15;14:31:34.140;;;;;;;;131900_0034387535;;;Multiple main barcodes detected;;;EDI+EDI;;Accept;;131900;3506;;123;Departures;;;;;;;;;;;;
D01/00000D493BCC0007;132340159019831485;2020-05-15;14:31:41.983;application/x-bolt;24469;0523590242;132340158771126000;2020-05-15;14:31:17.113;;;;;;18006;132340158951186000;2020-05-15;14:31:35.119;;;;;;;;132000_0034387533;;;;;;EDI+EDI;;Accept;;132000;2298;;123;Departures;;;;;;;;;;;;
D01/00000D493BDA0006;132340159072334787;2020-05-15;14:31:47.233;application/x-bolt;23098;0546233615;132340158804686000;2020-05-15;14:31:20.469;;;;;;18007;132340158984756000;2020-05-15;14:31:38.476;;;;;;;;131800_0034387531;;;;Camera03;10;EDI+EDI;;Accept;;131800;2374;;123;Departures;;;;;;;;;;;;
D01/00000D493BE00006;132340159106563017;2020-05-15;14:31:50.656;application/x-bolt;24093;0523584267;132340158857916000;2020-05-15;14:31:25.792;;;;;;18007;132340159037986000;2020-05-15;14:31:43.799;;;;;;;;132000_0034387534;;;;;;EDI+EDI;;Accept;;132000;2245;;123;Departures;;;;;;;;;;;;
D01/00000D493BE60007;132340159154952934;2020-05-15;14:31:55.495;application/x-bolt;25067;0523590241;132340158906446000;2020-05-15;14:31:30.645;;;;;;18006;132340159086506000;2020-05-15;14:31:48.651;;;;;;;;132000_0034387536;;;;;;EDI+EDI;;Accept;;132000;2289;;123;Departures;;;;;;;;;;;;
D01/00000D493BED0007;132340159213381123;2020-05-15;14:32:01.338;application/x-bolt;26143;0950728482;132340158931620000;2020-05-15;14:31:33.162;;;;;;18008;132340159111700000;2020-05-15;14:31:51.170;;;;;;;;131900_0034387537;;;;;;EDI+EDI;;Accept;;131900;2448;;123;Departures;;;;;;;;;;;;
D01/00000D493BF40007;132340159308859879;2020-05-15;14:32:10.886;application/x-bolt;24396;0546233614;132340159041356000;2020-05-15;14:31:44.136;;;;;;18006;132340159221416000;2020-05-15;14:32:02.142;;;;;;;;131800_0034387532;;;;;;EDI+EDI;;Accept;;131800;2391;;123;Departures;;;;;;;;;;;;
D01/00000D493BFB0007;132340159505081725;2020-05-15;14:32:30.508;application/x-bolt;24377;0523587270;132340159256406000;2020-05-15;14:32:05.641;;;;;;18007;132340159436476000;2020-05-15;14:32:23.648;;;;;;;;132000_0034387539;;;;;;EDI+EDI;;Accept;;132000;2279;;123;Departures;;;;;;;;;;;;
D01/00000D493C020006;132340159737373329;2020-05-15;14:32:53.737;application/x-bolt;23795;0546233616 / 4623361616 / 0950985403;132340159469776000;2020-05-15;14:32:26.978;;;;;;18008;132340159649856000;2020-05-15;14:32:44.986;;;;;;;;131800_0034387538;;;Multiple main barcodes detected;Camera06;05;EDI+EDI;;Accept;;131800;2443;;123;Departures;;;;;;;;;;;;
D01/00000D493C08000A;132340159778747457;2020-05-15;14:32:57.875;application/x-bolt;38259;;132340159527446000;2020-05-15;14:32:32.745;;;;;;16342;132340159690866000;2020-05-15;14:32:49.087;;;10257;390;;Reject;2670;131800_0034387540;;;"Enrichment ""VCCLicense"" cancelled: no requester available / Enrichment ""VCCNoBSM"" cancelled: no requester available";Camera04;05;VCS+VCS;;Cancel;;131800;2385;;123;Departures;;3;Cancelled: no requester available;Cancel;13330;;;2;Cancelled: no requester available;Cancel;13338;
D01/00000D493C120006;132340159875166985;2020-05-15;14:33:07.517;application/x-bolt;23218;0148446600 / 0523586261;132340159626596000;2020-05-15;14:32:42.660;;;;;;18007;132340159806666000;2020-05-15;14:33:00.667;;;;;;;;132000_0034387542;;;Multiple main barcodes detected;;;EDI+EDI;;Accept;;132000;2280;;123;Departures;;;;;;;;;;;;
D01/00000D493C180007;132340159899877364;2020-05-15;14:33:09.988;application/x-bolt;24360;0523436952;132340159651336000;2020-05-15;14:32:45.134;;;;;;18006;132340159831396000;2020-05-15;14:33:03.140;;;;;;;;132000_0034387544;;;;;;EDI+EDI;;Accept;;132000;2307;;123;Departures;;;;;;;;;;;;
D01/00000D493C1F0006;132340159928871283;2020-05-15;14:33:12.887;application/x-bolt;22795;0546233618;132340159661436000;2020-05-15;14:32:46.144;;;;;;18007;132340159841506000;2020-05-15;14:33:04.151;;;;;;;;131800_0034387541;;;;Camera01;07;EDI+EDI;;Accept;;131800;3278;;123;Departures;;;;;;;;;;;;
D01/00000D493C250006;132340160170360469;2020-05-15;14:33:37.036;application/x-bolt;23542;0546233619;132340159903086000;2020-05-15;14:33:10.309;;;;;;18007;132340160083156000;2020-05-15;14:33:28.316;;;;;;;;131800_0034387543;;;;Camera04;06;EDI+EDI;;Accept;;131800;2404;;123;Departures;;;;;;;;;;;;
D01/00000D493C2B0007;132340160228638539;2020-05-15;14:33:42.864;application/x-bolt;27912;0546233620;132340159961106000;2020-05-15;14:33:16.111;;;;;;18008;132340160141186000;2020-05-15;14:33:34.119;;;;;;;;131800_0034387545;;;;;;EDI+EDI;;Accept;;131800;2389;;123;Departures;;;;;;;;;;;;
D01/00000D493C320006;132340160651026935;2020-05-15;14:34:25.103;application/x-bolt;23871;0523552560;132340160402366000;2020-05-15;14:34:00.237;;;;;;18006;132340160582426000;2020-05-15;14:34:18.243;;;;;;;;132000_0034387550;;;;;;EDI+EDI;;Accept;;132000;2301;;123;Departures;;;;;;;;;;;;
D01/00000D493C3E0007;132340160735366503;2020-05-15;14:34:33.537;application/x-bolt;25711;0950728483;132340160453520000;2020-05-15;14:34:05.352;;;;;;18008;132340160633600000;2020-05-15;14:34:23.360;;;;;;;;131900_0034387551;;;;;;EDI+EDI;;Accept;;131900;2474;;123;Departures;;;;;;;;;;;;
D01/00000D493C380006;132340160715630222;2020-05-15;14:34:31.563;application/x-bolt;24070;0523507872;132340160466966000;2020-05-15;14:34:06.697;;;;;;18008;132340160647046000;2020-05-15;14:34:24.705;;;;;;;;132000_0034387552;;;;;;EDI+EDI;;Accept;;132000;4717;;123;Departures;;;;;;;;;;;;
D01/00000D493C450006;132340160807145706;2020-05-15;14:34:40.715;application/x-bolt;23681;0546233622;132340160539186000;2020-05-15;14:34:13.919;;;;;;18010;132340160719286000;2020-05-15;14:34:31.929;;;;;;;;131800_0034387547;;;;Camera04;01;EDI+EDI;;Accept;;131800;2374;;123;Departures;;;;;;;;;;;;
D01/00000D493C4B0006;132340160867805737;2020-05-15;14:34:46.781;application/x-bolt;23508;0546233621 / 0235596561;132340160600096000;2020-05-15;14:34:20.010;;;;;;18024;132340160780336000;2020-05-15;14:34:38.034;;;;;;;;131800_0034387548;;;Multiple main barcodes detected;Camera06;04;EDI+EDI;;Accept;;131800;2380;;123;Departures;;;;;;;;;;;;
D01/00000D493C510006;132340160895758798;2020-05-15;14:34:49.576;application/x-bolt;22985;0523449809;132340160647016000;2020-05-15;14:34:24.702;;;;;;18008;132340160827096000;2020-05-15;14:34:42.710;;;;;;;;132000_0034387553;;;;Camera05;12;EDI+EDI;;Accept;;132000;2321;;123;Departures;;;;;;;;;;;;
D01/00000D493C570006;132340160919858676;2020-05-15;14:34:51.986;application/x-bolt;23271;0546233623;132340160652226000;2020-05-15;14:34:25.223;;;;;;18008;132340160832306000;2020-05-15;14:34:43.231;;;;;;;;131800_0034387549;;;;;;EDI+EDI;;Accept;;131800;2410;;123;Departures;;;;;;;;;;;;
D01/00000D493C5D0007;132340160922470828;2020-05-15;14:34:52.247;application/x-bolt;25354;0523507871;132340160673916000;2020-05-15;14:34:27.392;;;;;;18008;132340160853996000;2020-05-15;14:34:45.400;;;;;;;;132000_0034387555;;;;;;EDI+EDI;;Accept;;132000;2333;;123;Departures;;;;;;;;;;;;
D01/00000D493C6B0007;132340160968198550;2020-05-15;14:34:56.820;application/x-bolt;26995;0950728484;132340160686340000;2020-05-15;14:34:28.634;;;;;;18008;132340160866420000;2020-05-15;14:34:46.642;;;;;;;;131900_0034387554;;;;;;EDI+EDI;;Accept;;131900;2466;;123;Departures;;;;;;;;;;;;
D01/00000D493C640007;132340160956659032;2020-05-15;14:34:55.666;application/x-bolt;26375;0523449810;132340160707116000;2020-05-15;14:34:30.712;;;;;;18088;132340160887996000;2020-05-15;14:34:48.800;;;;;;;;132000_0034387557;;;;;;EDI+EDI;;Accept;;132000;2330;;123;Departures;;;;;;;;;;;;
D01/00000D493C720006;132340161121555040;2020-05-15;14:35:12.156;application/x-bolt;23259;0523507870;132340160872866000;2020-05-15;14:34:47.287;;;;;;18008;132340161052946000;2020-05-15;14:35:05.295;;;;;;;;132000_0034387560;;;;Camera05;09;EDI+EDI;;Accept;;132000;4128;;123;Departures;;;;;;;;;;;;
D01/00000D493C780006;132340161151449697;2020-05-15;14:35:15.145;application/x-bolt;24071;0523408912;132340160902806000;2020-05-15;14:34:50.281;;;;;;18008;132340161082886000;2020-05-15;14:35:08.289;;;;;;;;132000_0034387559;;;;;;EDI+EDI;;Accept;;132000;2340;;123;Departures;;;;;;;;;;;;
D01/00000D493C7E0007;132340161178301848;2020-05-15;14:35:17.830;application/x-bolt;24273;0523573400;132340160929696000;2020-05-15;14:34:52.970;;;;;;18006;132340161109756000;2020-05-15;14:35:10.976;;;;;;;;132000_0034387561;;;;;;EDI+EDI;;Accept;;132000;2384;;123;Departures;;;;;;;;;;;;
D01/00000D493C850007;132340161252002636;2020-05-15;14:35:25.200;application/x-bolt;24849;0546233627;132340160984416000;2020-05-15;14:34:58.442;;;;;;18007;132340161164486000;2020-05-15;14:35:16.449;;;;;;;;131800_0034387556;;;;;;EDI+EDI;;Accept;;131800;2965;;123;Departures;;;;;;;;;;;;
D01/00000D493C930007;132340161315064653;2020-05-15;14:35:31.506;application/x-bolt;24422;0950728485;132340161033180000;2020-05-15;14:35:03.318;;;;;;18008;132340161213260000;2020-05-15;14:35:21.326;;;;;;;;131900_0034387563;;;;Camera06;05;EDI+EDI;;Accept;;131900;2431;;123;Departures;;;;;;;;;;;;
D01/00000D493C8C0007;132340161292856332;2020-05-15;14:35:29.286;application/x-bolt;25105;0523573401;132340161044256000;2020-05-15;14:35:04.426;;;;;;18008;132340161224336000;2020-05-15;14:35:22.434;;;;;;;;132000_0034387562;;;;;;EDI+EDI;;Accept;;132000;2403;;123;Departures;;;;;;;;;;;;
D01/00000D493CA10006;132340161357889977;2020-05-15;14:35:35.789;application/x-bolt;23473;0546233626;132340161090636000;2020-05-15;14:35:09.064;;;;;;18007;132340161270706000;2020-05-15;14:35:27.071;;;;;;;;131800_0034387558;;;;Camera06;01;EDI+EDI;;Accept;;131800;2418;;123;Departures;;;;;;;;;;;;
D01/00000D493C9A0007;132340161345779985;2020-05-15;14:35:34.578;application/x-bolt;25061;0523583264;132340161097186000;2020-05-15;14:35:09.719;;;;;;18006;132340161277246000;2020-05-15;14:35:27.725;;;;;;;;132000_0034387564;;;;;;EDI+EDI;;Accept;;132000;2340;;123;Departures;;;;;;;;;;;;
D01/00000D493CA70007;132340161628953560;2020-05-15;14:36:02.895;application/x-bolt;25552;0950728486;132340161347100000;2020-05-15;14:35:34.710;;;;;;18010;132340161527200000;2020-05-15;14:35:52.720;;;;;;;;131900_0034387567;;;;;;EDI+EDI;;Accept;;131900;4959;;123;Departures;;;;;;;;;;;;
D01/00000D493CAE0006;132340161962082817;2020-05-15;14:36:36.208;application/x-bolt;24055;0546233628;132340161694446000;2020-05-15;14:36:09.445;;;;;;18008;132340161874526000;2020-05-15;14:36:27.453;;;;;;;;131800_0034387566;;;;Camera04;03;EDI+EDI;;Accept;;131800;2341;;123;Departures;;;;;;;;;;;;
D01/00000D493CB40007;132340162017621821;2020-05-15;14:36:41.762;application/x-bolt;25069;0546233624;132340161750076000;2020-05-15;14:36:15.008;;;;;;18008;132340161930156000;2020-05-15;14:36:33.016;;;;;;;;131800_0034387565;;;;;;EDI+EDI;;Accept;;131800;2336;;123;Departures;;;;;;;;;;;;
D01/00000D493CBB0006;132340162114587382;2020-05-15;14:36:51.459;application/x-bolt;23858;0546233629;132340161847066000;2020-05-15;14:36:24.707;;;;;;18008;132340162027146000;2020-05-15;14:36:42.715;;;;;;;;131800_0034387568;;;;;;EDI+EDI;;Accept;;131800;2374;;123;Departures;;;;;;;;;;;;
D01/00000D493CC10007;132340162414662165;2020-05-15;14:37:21.466;application/x-bolt;24833;0950728487;132340162132650000;2020-05-15;14:36:53.265;;;;;;18008;132340162312730000;2020-05-15;14:37:11.273;;;;;;;;131900_0034387570;;;;;;EDI+EDI;;Accept;;131900;2448;;123;Departures;;;;;;;;;;;;
D01/00000D493CC80007;132340162532285954;2020-05-15;14:37:33.229;application/x-bolt;24462;0950728488 / 0950579313;132340162250460000;2020-05-15;14:37:05.046;;;;;;18007;132340162430530000;2020-05-15;14:37:23.053;;;;;;;;131900_0034387571;;;Multiple main barcodes detected;;;EDI+EDI;;Accept;;131900;2615;;123;Departures;;;;;;;;;;;;
D01/00000D493CCF0007;132340162830559146;2020-05-15;14:38:03.056;application/x-bolt;26803;0523531656;132340162581926000;2020-05-15;14:37:38.193;;;;;;18006;132340162761986000;2020-05-15;14:37:56.199;;;;;;;;132000_0034387572;;;;;;EDI+EDI;;Accept;;132000;2336;;123;Departures;;;;;;;;;;;;
D01/00000D493CD60006;132340163047300395;2020-05-15;14:38:24.730;application/x-bolt;21478;0523518926;132340162798596000;2020-05-15;14:37:59.860;;;;;;18007;132340162978666000;2020-05-15;14:38:17.867;;;;;;;;132000_0034387579;;;;;;EDI+EDI;;Accept;;132000;2369;;123;Departures;;;;;;;;;;;;
D01/00000D493CDC0007;132340163078588004;2020-05-15;14:38:27.859;application/x-bolt;26523;0523531655;132340162829846000;2020-05-15;14:38:02.985;;;;;;18006;132340163009906000;2020-05-15;14:38:20.991;;;;;;;;132000_0034387575;;;;;;EDI+EDI;;Accept;;132000;2364;;123;Departures;;;;;;;;;;;;
D01/00000D493CE30006;132340163319540616;2020-05-15;14:38:51.954;application/x-bolt;23324;0523530922;132340163070826000;2020-05-15;14:38:27.083;;;;;;18007;132340163250896000;2020-05-15;14:38:45.090;;;;;;;;132000_0034387577;;;;;;EDI+EDI;;Accept;;132000;4321;;123;Departures;;;;;;;;;;;;
D01/00000D493CE90006;132340163366201791;2020-05-15;14:38:56.620;application/x-bolt;22988;0546233630;132340163098396000;2020-05-15;14:38:29.840;;;;;;18007;132340163278466000;2020-05-15;14:38:47.847;;;;;;;;131800_0034387574;;;;Camera01;05;EDI+EDI;;Accept;;131800;2298;;123;Departures;;;;;;;;;;;;
D01/00000D493CEF0006;132340163431159107;2020-05-15;14:39:03.116;application/x-bolt;23566;0546233631;132340163163586000;2020-05-15;14:38:36.359;;;;;;18007;132340163343656000;2020-05-15;14:38:54.366;;;;;;;;131800_0034387576;;;;;;EDI+EDI;;Accept;;131800;5067;;123;Departures;;;;;;;;;;;;
D01/00000D493CF50007;132340163548872975;2020-05-15;14:39:14.887;application/x-bolt;24940;0523542805;132340163300056000;2020-05-15;14:38:50.006;;;;;;18008;132340163480136000;2020-05-15;14:39:08.014;;;;;;;;132000_0034387582;;;;;;EDI+EDI;;Accept;;132000;2370;;123;Departures;;;;;;;;;;;;
D01/00000D493CFC0007;132340163584354283;2020-05-15;14:39:18.435;application/x-bolt;24313;0523529937;132340163335586000;2020-05-15;14:38:53.559;;;;;;18008;132340163515666000;2020-05-15;14:39:11.567;;;;;;;;132000_0034387581;;;;;;EDI+EDI;;Accept;;132000;2377;;123;Departures;;;;;;;;;;;;
D01/00000D493D090006;132340163685623642;2020-05-15;14:39:28.562;application/x-bolt;23995;0546233632;132340163417986000;2020-05-15;14:39:01.799;;;;;;18007;132340163598056000;2020-05-15;14:39:19.806;;;;;;;;131800_0034387578;;;;;;EDI+EDI;;Accept;;131800;2333;;123;Departures;;;;;;;;;;;;
D01/00000D493D030006;132340163669549458;2020-05-15;14:39:26.955;application/x-bolt;23571;0523530923 / 0928088046;132340163420796000;2020-05-15;14:39:02.080;;;;;;18007;132340163600866000;2020-05-15;14:39:20.087;;;;;;;;132000_0034387583;;;Multiple main barcodes detected;Camera02;11;EDI+EDI;;Accept;;132000;2400;;123;Departures;;;;;;;;;;;;
D01/00000D493D0F0006;132340163821643666;2020-05-15;14:39:42.164;application/x-bolt;23890;0546233633;132340163553946000;2020-05-15;14:39:15.395;;;;;;18007;132340163734016000;2020-05-15;14:39:33.402;;;;;;;;131800_0034387580;;;;;;EDI+EDI;;Accept;;131800;2337;;123;Departures;;;;;;;;;;;;
D01/00000D493D150007;132340163836686935;2020-05-15;14:39:43.669;application/x-bolt;24715;0523541573;132340163587806000;2020-05-15;14:39:18.781;;;;;;18018;132340163767986000;2020-05-15;14:39:36.799;;;;;;;;132000_0034387584;;;;;;EDI+EDI;;Accept;;132000;2395;;123;Departures;;;;;;;;;;;;
D01/00000D493D1C0007;132340163866092886;2020-05-15;14:39:46.609;application/x-bolt;26032;0523543615;132340163617256000;2020-05-15;14:39:21.726;;;;;;18007;132340163797326000;2020-05-15;14:39:39.733;;;;;;;;132000_0034387585;;;;;;EDI+EDI;;Accept;;132000;2399;;123;Departures;;;;;;;;;;;;
D01/00000D493D230006;132340163898551526;2020-05-15;14:39:49.855;application/x-bolt;23593;0523541571;132340163649796000;2020-05-15;14:39:24.980;;;;;;18007;132340163829866000;2020-05-15;14:39:42.987;;;;;;;;132000_0034387586;;;;Camera02;11;EDI+EDI;;Accept;;132000;2402;;123;Departures;;;;;;;;;;;;
D01/00000D493D290007;132340163949316325;2020-05-15;14:39:54.932;application/x-bolt;25484;0523451129;132340163700616000;2020-05-15;14:39:30.062;;;;;;18007;132340163880686000;2020-05-15;14:39:48.069;;;;;;;;132000_0034387587;;;;;;EDI+EDI;;Accept;;132000;2422;;123;Departures;;;;;;;;;;;;
D01/00000D493D300006;132340164144158243;2020-05-15;14:40:14.416;application/x-bolt;21445;0523583265;132340163895406000;2020-05-15;14:39:49.541;;;;;;18007;132340164075476000;2020-05-15;14:40:07.548;;;;;;;;132000_0034387588;;;;;;EDI+EDI;;Accept;;132000;2402;;123;Departures;;;;;;;;;;;;
D01/00000D493D360007;132340164244036378;2020-05-15;14:40:24.404;application/x-bolt;25915;0523541572;132340163995186000;2020-05-15;14:39:59.519;;;;;;18007;132340164175256000;2020-05-15;14:40:17.526;;;;;;;;132000_0034387598;;;;;;EDI+EDI;;Accept;;132000;2422;;123;Departures;;;;;;;;;;;;
D01/00000D493D3D0006;132340164294450864;2020-05-15;14:40:29.445;application/x-bolt;23711;0523520008;132340164045606000;2020-05-15;14:40:04.561;;;;;;18007;132340164225676000;2020-05-15;14:40:22.568;;;;;;;;132000_0034387590;;;;;;EDI+EDI;;Accept;;132000;2450;;123;Departures;;;;;;;;;;;;
D01/00000D493D430007;132340164389404646;2020-05-15;14:40:38.940;application/x-bolt;24629;0523518928;132340164140646000;2020-05-15;14:40:14.065;;;;;;18006;132340164320706000;2020-05-15;14:40:32.071;;;;;;;;132000_0034387591;;;;;;EDI+EDI;;Accept;;132000;2376;;123;Departures;;;;;;;;;;;;
D01/00000D493D4A0006;132340164468654576;2020-05-15;14:40:46.865;application/x-bolt;23219;0523411085;132340164219866000;2020-05-15;14:40:21.987;;;;;;18007;132340164399936000;2020-05-15;14:40:39.994;;;;;;;;132000_0034387596;;;;Camera05;08;EDI+EDI;;Accept;;132000;2391;;123;Departures;;;;;;;;;;;;
D01/00000D493D500006;132340164524664000;2020-05-15;14:40:52.466;application/x-bolt;23179;0523440191;132340164276026000;2020-05-15;14:40:27.603;;;;;;18007;132340164456096000;2020-05-15;14:40:45.610;;;;;;;;132000_0034387594;;;;Camera06;02;EDI+EDI;;Accept;;132000;2417;;123;Departures;;;;;;;;;;;;
D01/00000D493D560007;132340164563668417;2020-05-15;14:40:56.367;application/x-bolt;24441;0546233635;132340164295856000;2020-05-15;14:40:29.586;;;;;;18006;132340164475916000;2020-05-15;14:40:47.592;;;;;;;;131800_0034387589;;;;;;EDI+EDI;;Accept;;131800;2289;;123;Departures;;;;;;;;;;;;
D01/00000D493D5D0007;132340164566080544;2020-05-15;14:40:56.608;application/x-bolt;25771;0523411084;132340164317306000;2020-05-15;14:40:31.731;;;;;;18007;132340164497376000;2020-05-15;14:40:49.738;;;;;;;;132000_0034387597;;;;;;EDI+EDI;;Accept;;132000;2408;;123;Departures;;;;;;;;;;;;
D01/00000D493D640006;132340164675547136;2020-05-15;14:41:07.555;application/x-bolt;23345;0546233636;132340164407696000;2020-05-15;14:40:40.770;;;;;;18006;132340164587756000;2020-05-15;14:40:58.776;;;;;;;;131800_0034387593;;;;Camera04;04;EDI+EDI;;Accept;;131800;2308;;123;Departures;;;;;;;;;;;;
D01/00000D493D6A0007;132340164791639574;2020-05-15;14:41:19.164;application/x-bolt;24554;0523542807;132340164542706000;2020-05-15;14:40:54.271;;;;;;18007;132340164722776000;2020-05-15;14:41:12.278;;;;;;;;132000_0034387599;;;;;;EDI+EDI;;Accept;;132000;2428;;123;Departures;;;;;;;;;;;;
D01/00000D493D710007;132340164844686380;2020-05-15;14:41:24.469;application/x-bolt;25002;0148527772 / 0546233639;132340164576866000;2020-05-15;14:40:57.687;;;;;;18006;132340164756926000;2020-05-15;14:41:15.693;;;;;;;;131800_0034387595;;;Multiple main barcodes detected;Camera06;04;EDI+EDI;;Accept;;131800;3728;;123;Departures;;;;;;;;;;;;
D01/00000D493D780006;132340165213619392;2020-05-15;14:42:01.362;application/x-bolt;23910;0523582452;132340164964826000;2020-05-15;14:41:36.483;;;;;;18006;132340165144886000;2020-05-15;14:41:54.489;;;;;;;;132000_0034387603;;;;Camera05;01;EDI+EDI;;Accept;;132000;2944;;123;Departures;;;;;;;;;;;;
D01/00000D493D7E0007;132340165245246101;2020-05-15;14:42:04.525;application/x-bolt;25038;0546233637;132340164977426000;2020-05-15;14:41:37.743;;;;;;18007;132340165157496000;2020-05-15;14:41:55.750;;;;;;;;131800_0034387600;;;;;;EDI+EDI;;Accept;;131800;3669;;123;Departures;;;;;;;;;;;;
D01/00000D493D850006;132340165253372960;2020-05-15;14:42:05.337;application/x-bolt;23554;0523583266;132340165004596000;2020-05-15;14:41:40.460;;;;;;18007;132340165184666000;2020-05-15;14:41:58.467;;;;;;;;132000_0034387605;;;;Camera04;01;EDI+EDI;;Accept;;132000;2425;;123;Departures;;;;;;;;;;;;
D01/00000D493D8B0006;132340165282887878;2020-05-15;14:42:08.289;application/x-bolt;22968;0523532851;132340165034106000;2020-05-15;14:41:43.411;;;;;;18007;132340165214176000;2020-05-15;14:42:01.418;;;;;;;;132000_0034387604;;;;Camera06;03;EDI+EDI;;Accept;;132000;2447;;123;Departures;;;;;;;;;;;;
D01/00000D493D910006;132340165364246571;2020-05-15;14:42:16.425;application/x-bolt;23577;0523583267;132340165115656000;2020-05-15;14:41:51.566;;;;;;18007;132340165295726000;2020-05-15;14:42:09.573;;;;;;;;132000_0034387606;;;;Camera05;08;EDI+EDI;;Accept;;132000;3839;;123;Departures;;;;;;;;;;;;
D01/00000D493D970007;132340165384173397;2020-05-15;14:42:18.417;application/x-bolt;25075;0546233638;132340165116386000;2020-05-15;14:41:51.639;;;;;;18006;132340165296446000;2020-05-15;14:42:09.645;;;;;;;;131800_0034387602;;;;;;EDI+EDI;;Accept;;131800;2342;;123;Departures;;;;;;;;;;;;
D01/00000D493D9E0006;132340165560041892;2020-05-15;14:42:36.004;application/x-bolt;21303;0523436954;132340165311196000;2020-05-15;14:42:11.120;;;;;;18007;132340165491266000;2020-05-15;14:42:29.127;;;;;;;;132000_0034387607;;;;;;EDI+EDI;;Accept;;132000;2474;;123;Departures;;;;;;;;;;;;
D01/00000D493DA40006;132340165851117657;2020-05-15;14:43:05.112;application/x-bolt;23213;0523451130;132340165600326000;2020-05-15;14:42:40.033;;;;;;18192;132340165782246000;2020-05-15;14:42:58.225;;;;;;;;132000_0034387608;;;;Camera06;04;EDI+EDI;;Accept;;132000;2470;;123;Departures;;;;;;;;;;;;
D01/00000D493DAA0006;132340165881833593;2020-05-15;14:43:08.183;application/x-bolt;23814;0523531658;132340165632166000;2020-05-15;14:42:43.217;;;;;;18089;132340165813056000;2020-05-15;14:43:01.306;;;;;;;;132000_0034387610;;;;Camera01;06;EDI+EDI;;Accept;;132000;2480;;123;Departures;;;;;;;;;;;;
D01/00000D493DB00007;132340166006218614;2020-05-15;14:43:20.622;application/x-bolt;24766;0523542808;132340165757346000;2020-05-15;14:42:55.735;;;;;;18007;132340165937416000;2020-05-15;14:43:13.742;;;;;;;;132000_0034387612;;;;;;EDI+EDI;;Accept;;132000;2495;;123;Departures;;;;;;;;;;;;
D01/00000D493DB70007;132340166155084306;2020-05-15;14:43:35.508;application/x-bolt;25060;0546233640;132340165887216000;2020-05-15;14:43:08.722;;;;;;18009;132340166067306000;2020-05-15;14:43:26.731;;;;;;;;131800_0034387609;;;;;;EDI+EDI;;Accept;;131800;2311;;123;Departures;;;;;;;;;;;;
D01/00000D493DBE0006;132340166172268817;2020-05-15;14:43:37.227;application/x-bolt;23861;0523587271;132340165923386000;2020-05-15;14:43:12.339;;;;;;18008;132340166103466000;2020-05-15;14:43:30.347;;;;;;;;132000_0034387614;;;;;;EDI+EDI;;Accept;;132000;2493;;123;Departures;;;;;;;;;;;;
D01/00000D493DCB0006;132340166240166145;2020-05-15;14:43:44.017;application/x-bolt;23517;0546233641;132340165972286000;2020-05-15;14:43:17.229;;;;;;18007;132340166152356000;2020-05-15;14:43:35.236;;;;;;;;131800_0034387611;;;;Camera03;08;EDI+EDI;;Accept;;131800;4179;;123;Departures;;;;;;;;;;;;
D01/00000D493DC40007;132340166221200131;2020-05-15;14:43:42.120;application/x-bolt;24176;0523408111;132340165972376000;2020-05-15;14:43:17.238;;;;;;18007;132340166152446000;2020-05-15;14:43:35.245;;;;;;;;132000_0034387613;;;;;;EDI+EDI;;Accept;;132000;2468;;123;Departures;;;;;;;;;;;;
D01/00000D493DD10007;132340166332724296;2020-05-15;14:43:53.272;application/x-bolt;24474;0523542809;132340166084056000;2020-05-15;14:43:28.406;;;;;;18007;132340166264126000;2020-05-15;14:43:46.413;;;;;;;;132000_0034387616;;;;;;EDI+EDI;;Accept;;132000;3013;;123;Departures;;;;;;;;;;;;
D01/00000D493DD80007;132340166505179907;2020-05-15;14:44:10.518;application/x-bolt;26775;0523574435;132340166256356000;2020-05-15;14:43:45.636;;;;;;18006;132340166436416000;2020-05-15;14:44:03.642;;;;;;;;132000_0034387617;;;;;;EDI+EDI;;Accept;;132000;2495;;123;Departures;;;;;;;;;;;;
D01/00000D493DDF0007;132340166537497196;2020-05-15;14:44:13.750;application/x-bolt;24335;0546233642;132340166269666000;2020-05-15;14:43:46.967;;;;;;18007;132340166449736000;2020-05-15;14:44:04.974;;;;;;;;131800_0034387615;;;;;;EDI+EDI;;Accept;;131800;2449;;123;Departures;;;;;;;;;;;;
D01/00000D493DE60007;132340166646439177;2020-05-15;14:44:24.644;application/x-bolt;25221;0523574436;132340166397546000;2020-05-15;14:43:59.755;;;;;;18007;132340166577616000;2020-05-15;14:44:17.762;;;;;;;;132000_0034387618;;;;;;EDI+EDI;;Accept;;132000;2477;;123;Departures;;;;;;;;;;;;
D01/00000D493DED0007;132340167390817685;2020-05-15;14:45:39.082;application/x-bolt;24870;0523436955;132340167141906000;2020-05-15;14:45:14.191;;;;;;18007;132340167321976000;2020-05-15;14:45:32.198;;;;;;;;132000_0034387620;;;;;;EDI+EDI;;Accept;;132000;2414;;123;Departures;;;;;;;;;;;;
D01/00000D493DF40007;132340167741133469;2020-05-15;14:46:14.113;application/x-bolt;24752;0546233643;132340167473296000;2020-05-15;14:45:47.330;;;;;;18006;132340167653356000;2020-05-15;14:46:05.336;;;;;;;;131800_0034387619;;;;;;EDI+EDI;;Accept;;131800;2314;;123;Departures;;;;;;;;;;;;
D01/00000D493DFB0007;132340167787822895;2020-05-15;14:46:18.782;application/x-bolt;24490;0523520009;132340167538936000;2020-05-15;14:45:53.894;;;;;;18006;132340167718996000;2020-05-15;14:46:11.900;;;;;;;;132000_0034387621;;;;;;EDI+EDI;;Accept;;132000;2429;;123;Departures;;;;;;;;;;;;
D01/00000D493E020007;132340167965633023;2020-05-15;14:46:36.563;application/x-bolt;24797;0523531659;132340167716736000;2020-05-15;14:46:11.674;;;;;;18007;132340167896806000;2020-05-15;14:46:29.681;;;;;;;;132000_0034387623;;;;;;EDI+EDI;;Accept;;132000;2364;;123;Departures;;;;;;;;;;;;
D01/00000D493E090009;132340168161088053;2020-05-15;14:46:56.109;application/x-bolt;35477;;132340167930866000;2020-05-15;14:46:33.087;;;;;;14201;132340168072876000;2020-05-15;14:46:47.288;;;8545;58;;Reject;2568;131800_0034387622;;;"Enrichment ""VCCLicense"" cancelled: no requester available / Enrichment ""VCCNoBSM"" cancelled: no requester available";;;VCS+VCS;;Cancel;;131800;2294;;123;Departures;;2;Cancelled: no requester available;Cancel;11190;;;2;Cancelled: no requester available;Cancel;11197;
D01/00000D493E120006;132340168246029773;2020-05-15;14:47:04.603;application/x-bolt;23059;0523396175;132340167997076000;2020-05-15;14:46:39.708;;;;;;18007;132340168177146000;2020-05-15;14:46:57.715;;;;;;;;132000_0034387624;;;;Camera02;11;EDI+EDI;;Accept;;132000;2380;;123;Departures;;;;;;;;;;;;
D01/00000D493E180007;132340168866569729;2020-05-15;14:48:06.657;application/x-bolt;25357;0523541574;132340168617556000;2020-05-15;14:47:41.756;;;;;;18006;132340168797616000;2020-05-15;14:47:59.762;;;;;;;;132000_0034387625;;;;;;EDI+EDI;;Accept;;132000;2326;;123;Departures;;;;;;;;;;;;
D01/00000D493E1F0006;132340169012771247;2020-05-15;14:48:21.277;application/x-bolt;23566;0523505750;132340168764086000;2020-05-15;14:47:56.409;;;;;;18011;132340168944196000;2020-05-15;14:48:14.420;;;;;;;;132000_0034387627;;;;Camera05;03;EDI+EDI;;Accept;;132000;3019;;123;Departures;;;;;;;;;;;;
D01/00000D493E250007;132340169122632560;2020-05-15;14:48:32.263;application/x-bolt;24434;0523053656;132340168873706000;2020-05-15;14:48:07.371;;;;;;18008;132340169053786000;2020-05-15;14:48:25.379;;;;;;;;132000_0034387626;;;;;;EDI+EDI;;Accept;;132000;4058;;123;Departures;;;;;;;;;;;;
D01/00000D493E2C0007;132340169499455761;2020-05-15;14:49:09.946;application/x-bolt;25159;0523505751;132340169250486000;2020-05-15;14:48:45.049;;;;;;18007;132340169430556000;2020-05-15;14:49:03.056;;;;;;;;132000_0034387631;;;;;;EDI+EDI;;Accept;;132000;2360;;123;Departures;;;;;;;;;;;;
D01/00000D493E330007;132340169664803192;2020-05-15;14:49:26.480;application/x-bolt;26616;0523505752;132340169415776000;2020-05-15;14:49:01.578;;;;;;18007;132340169595846000;2020-05-15;14:49:19.585;;;;;;;;132000_0034387632;;;;;;EDI+EDI;;Accept;;132000;2362;;123;Departures;;;;;;;;;;;;
D01/00000D493E3A0006;132340169870824430;2020-05-15;14:49:47.082;application/x-bolt;23538;0523505754 / 0235709248;132340169621866000;2020-05-15;14:49:22.187;;;;;;18007;132340169801936000;2020-05-15;14:49:40.194;;;;;;;;132000_0034387633;;;Multiple main barcodes detected;;;EDI+EDI;;Accept;;132000;2302;;123;Departures;;;;;;;;;;;;
D01/00000D493E400007;132340170097352712;2020-05-15;14:50:09.735;application/x-bolt;24973;0523505753;132340169848346000;2020-05-15;14:49:44.835;;;;;;18006;132340170028406000;2020-05-15;14:50:02.841;;;;;;;;132000_0034387634;;;;;;EDI+EDI;;Accept;;132000;2325;;123;Departures;;;;;;;;;;;;
D01/00000D493E470007;132340170625361579;2020-05-15;14:51:02.536;application/x-bolt;25543;0546233570;132340170357346000;2020-05-15;14:50:35.735;;;;;;18008;132340170537426000;2020-05-15;14:50:53.743;;;;;;;;131800_0034387635;;;;;;EDI+EDI;;Accept;;131800;2235;;123;Departures;;;;;;;;;;;;
D01/00000D493E4E0007;132340171014164740;2020-05-15;14:51:41.416;application/x-bolt;24729;0523573404;132340170765176000;2020-05-15;14:51:16.518;;;;;;18007;132340170945246000;2020-05-15;14:51:34.525;;;;;;;;132000_0034387636;;;;;;EDI+EDI;;Accept;;132000;2901;;123;Departures;;;;;;;;;;;;
D01/00000D493E550007;132340171205723960;2020-05-15;14:52:00.572;application/x-bolt;24854;0523573405;132340170956716000;2020-05-15;14:51:35.672;;;;;;18006;132340171136776000;2020-05-15;14:51:53.678;;;;;;;;132000_0034387638;;;;Camera05;01;EDI+EDI;;Accept;;132000;2299;;123;Departures;;;;;;;;;;;;
D01/00000D493E5C0007;132340171295158295;2020-05-15;14:52:09.516;application/x-bolt;24309;0523572493;132340171046226000;2020-05-15;14:51:44.623;;;;;;18006;132340171226286000;2020-05-15;14:52:02.629;;;;;;;;132000_0034387639;;;;;;EDI+EDI;;Accept;;132000;2322;;123;Departures;;;;;;;;;;;;
D01/00000D493E690007;132340171510797527;2020-05-15;14:52:31.080;application/x-bolt;25656;0235975550;132340171228510000;2020-05-15;14:52:02.851;;;;;;18008;132340171408590000;2020-05-15;14:52:20.859;;;;;;;;131900_0034387637;;;;;;EDI+EDI;;Accept;;131900;2438;;123;Departures;;;;;;;;;;;;
D01/00000D493E630006;132340171491761703;2020-05-15;14:52:29.176;application/x-bolt;23422;0523507875;132340171242806000;2020-05-15;14:52:04.281;;;;;;18007;132340171422876000;2020-05-15;14:52:22.288;;;;;;;;132000_0034387640;;;;Camera06;05;EDI+EDI;;Accept;;132000;2348;;123;Departures;;;;;;;;;;;;
D01/00000D493E700006;132340171576111734;2020-05-15;14:52:37.611;application/x-bolt;22732;0523529938;132340171327196000;2020-05-15;14:52:12.720;;;;;;18006;132340171507256000;2020-05-15;14:52:30.726;;;;;;;;132000_0034387641;;;;Camera06;04;EDI+EDI;;Accept;;132000;2297;;123;Departures;;;;;;;;;;;;
D01/00000D493E760007;132340171949739910;2020-05-15;14:53:14.974;application/x-bolt;26121;0523447932;132340171700666000;2020-05-15;14:52:50.067;;;;;;18007;132340171880736000;2020-05-15;14:53:08.074;;;;;;;;132000_0034387642;;;;;;EDI+EDI;;Accept;;132000;2322;;123;Departures;;;;;;;;;;;;
D01/00000D493E7D0007;132340172033228775;2020-05-15;14:53:23.323;application/x-bolt;24894;0235975551;132340171751000000;2020-05-15;14:52:55.100;;;;;;18008;132340171931080000;2020-05-15;14:53:13.108;;;;;;;;131900_0034387643;;;;;;EDI+EDI;;Accept;;131900;4562;;123;Departures;;;;;;;;;;;;
D01/00000D493E840006;132340172354033385;2020-05-15;14:53:55.403;application/x-bolt;23419;0523517725;132340172105076000;2020-05-15;14:53:30.508;;;;;;18007;132340172285146000;2020-05-15;14:53:48.515;;;;;;;;132000_0034387644;;;;Camera04;01;EDI+EDI;;Accept;;132000;2321;;123;Departures;;;;;;;;;;;;
D01/00000D493E8A0006;132340172813232144;2020-05-15;14:54:41.323;application/x-bolt;22366;0235975553;132340172531110000;2020-05-15;14:54:13.111;;;;;;18007;132340172711180000;2020-05-15;14:54:31.118;;;;;;;;131900_0034387645;;;;;;EDI+EDI;;Accept;;131900;2425;;123;Departures;;;;;;;;;;;;
D01/00000D493E900007;132340173189112177;2020-05-15;14:55:18.911;application/x-bolt;26607;0235975555;132340172906830000;2020-05-15;14:54:50.683;;;;;;18008;132340173086910000;2020-05-15;14:55:08.691;;;;;;;;131900_0034387646;;;;;;EDI+EDI;;Accept;;131900;2466;;123;Departures;;;;;;;;;;;;
D01/00000D493E970006;132340174313779835;2020-05-15;14:57:11.378;application/x-bolt;23048;0523451132;132340174064826000;2020-05-15;14:56:46.483;;;;;;18007;132340174244896000;2020-05-15;14:57:04.490;;;;;;;;132000_0034387648;;;;Camera05;10;EDI+EDI;;Accept;;132000;4932;;123;Departures;;;;;;;;;;;;
D01/00000D493E9D0007;132340174655861996;2020-05-15;14:57:45.586;application/x-bolt;24592;0523583268;132340174406826000;2020-05-15;14:57:20.683;;;;;;18007;132340174586896000;2020-05-15;14:57:38.690;;;;;;;;132000_0034387649;;;;;;EDI+EDI;;Accept;;132000;2254;;123;Departures;;;;;;;;;;;;
D01/00000D493EA40006;132340175037236563;2020-05-15;14:58:23.724;application/x-bolt;21284;0523451133;132340174788226000;2020-05-15;14:57:58.823;;;;;;18007;132340174968296000;2020-05-15;14:58:16.830;;;;;;;;132000_0034387652;;;;;;EDI+EDI;;Accept;;132000;2263;;123;Departures;;;;;;;;;;;;
D01/00000D493EAA0006;132340175277905074;2020-05-15;14:58:47.791;application/x-bolt;23085;0523396177;132340175028916000;2020-05-15;14:58:22.892;;;;;;18007;132340175208986000;2020-05-15;14:58:40.899;;;;;;;;132000_0034387651;;;;Camera05;09;EDI+EDI;;Accept;;132000;2237;;123;Departures;;;;;;;;;;;;
D01/00000D493EB00006;132340175714705357;2020-05-15;14:59:31.471;application/x-bolt;23029;0523591244 / 0523591252;132340175465716000;2020-05-15;14:59:06.572;;;;;;18007;132340175645786000;2020-05-15;14:59:24.579;;;;;;;;132000_0034387653;;;Multiple main barcodes detected;;;EDI+EDI;;Accept;;132000;4843;;123;Departures;;;;;;;;;;;;
D01/00000D493EB60006;132340176141777623;2020-05-15;15:00:14.178;application/x-bolt;24120;0523543618;132340175892716000;2020-05-15;14:59:49.272;;;;;;18006;132340176072776000;2020-05-15;15:00:07.278;;;;;;;;132000_0034387654;;;;;;EDI+EDI;;Accept;;132000;2263;;123;Departures;;;;;;;;;;;;
D01/00000D493EBC0006;132340176452804163;2020-05-15;15:00:45.280;application/x-bolt;24156;0523572494;132340176203896000;2020-05-15;15:00:20.390;;;;;;18007;132340176383966000;2020-05-15;15:00:38.397;;;;;;;;132000_0034387655;;;;;;EDI+EDI;;Accept;;132000;2282;;123;Departures;;;;;;;;;;;;
D01/00000D493EC20006;132340176859990042;2020-05-15;15:01:25.999;application/x-bolt;23862;0523411086;132340176610986000;2020-05-15;15:01:01.099;;;;;;18007;132340176791056000;2020-05-15;15:01:19.106;;;;;;;;132000_0034387656;;;;;;EDI+EDI;;Accept;;132000;2283;;123;Departures;;;;;;;;;;;;
D01/00000D493EC80007;132340177338724895;2020-05-15;15:02:13.872;application/x-bolt;24421;0523542818;132340177089616000;2020-05-15;15:01:48.962;;;;;;18007;132340177269686000;2020-05-15;15:02:06.969;;;;;;;;132000_0034387657;;;;;;EDI+EDI;;Accept;;132000;2438;;123;Departures;;;;;;;;;;;;
D01/00000D493ECF0007;132340177482693644;2020-05-15;15:02:28.269;application/x-bolt;24896;0523542819;132340177233766000;2020-05-15;15:02:03.377;;;;;;18007;132340177413836000;2020-05-15;15:02:21.384;;;;;;;;132000_0034387658;;;;;;EDI+EDI;;Accept;;132000;2307;;123;Departures;;;;;;;;;;;;
D01/00000D493ED60007;132340177827708221;2020-05-15;15:03:02.771;application/x-bolt;25917;0523010941;132340177578776000;2020-05-15;15:02:37.878;;;;;;18006;132340177758836000;2020-05-15;15:02:55.884;;;;;;;;132000_0034387659;;;;;;EDI+EDI;;Accept;;132000;2305;;123;Departures;;;;;;;;;;;;
D01/00000D493EDD0007;132340178044807293;2020-05-15;15:03:24.481;application/x-bolt;24654;0523542816;132340177795736000;2020-05-15;15:02:59.574;;;;;;18009;132340177975826000;2020-05-15;15:03:17.583;;;;;;;;132000_0034387663;;;;;;EDI+EDI;;Accept;;132000;2315;;123;Departures;;;;;;;;;;;;
D01/00000D493EE40007;132340178102164601;2020-05-15;15:03:30.216;application/x-bolt;26058;0523591245;132340177853196000;2020-05-15;15:03:05.320;;;;;;18008;132340178033276000;2020-05-15;15:03:23.328;;;;;;;;132000_0034387662;;;;;;EDI+EDI;;Accept;;132000;2323;;123;Departures;;;;;;;;;;;;
D01/00000D493EEB0006;132340178133340319;2020-05-15;15:03:33.334;application/x-bolt;23519;0523542817;132340177884356000;2020-05-15;15:03:08.436;;;;;;18008;132340178064436000;2020-05-15;15:03:26.444;;;;;;;;132000_0034387664;;;;Camera03;10;EDI+EDI;;Accept;;132000;2338;;123;Departures;;;;;;;;;;;;
D01/00000D493EF10007;132340178306162865;2020-05-15;15:03:50.616;application/x-bolt;25274;0523542814;132340178057216000;2020-05-15;15:03:25.722;;;;;;18006;132340178237276000;2020-05-15;15:03:43.728;;;;;;;;132000_0034387665;;;;;;EDI+EDI;;Accept;;132000;2323;;123;Departures;;;;;;;;;;;;
D01/00000D493EF80007;132340178597793413;2020-05-15;15:04:19.779;application/x-bolt;24578;0523562592;132340178348736000;2020-05-15;15:03:54.874;;;;;;18006;132340178528796000;2020-05-15;15:04:12.880;;;;;;;;132000_0034387666;;;;;;EDI+EDI;;Accept;;132000;2367;;123;Departures;;;;;;;;;;;;
D01/00000D493EFF0006;132340178624745641;2020-05-15;15:04:22.475;application/x-bolt;23871;0523542812 / 0199347340;132340178375716000;2020-05-15;15:03:57.572;;;;;;18007;132340178555786000;2020-05-15;15:04:15.579;;;;;;;;132000_0034387667;;;Multiple main barcodes detected;;;EDI+EDI;;Accept;;132000;2375;;123;Departures;;;;;;;;;;;;
D01/00000D493F050007;132340178790752566;2020-05-15;15:04:39.075;application/x-bolt;24793;0523447933 / 0928361398;132340178541696000;2020-05-15;15:04:14.170;;;;;;18008;132340178721776000;2020-05-15;15:04:32.178;;;;;;;;132000_0034387668;;;Multiple main barcodes detected;;;EDI+EDI;;Accept;;132000;2311;;123;Departures;;;;;;;;;;;;
D01/00000D493F0C0006;132340178899602351;2020-05-15;15:04:49.960;application/x-bolt;24158;0523542815;132340178650586000;2020-05-15;15:04:25.059;;;;;;18007;132340178830656000;2020-05-15;15:04:43.066;;;;;;;;132000_0034387669;;;;;;EDI+EDI;;Accept;;132000;2362;;123;Departures;;;;;;;;;;;;
D01/00000D493F120007;132340179043921387;2020-05-15;15:05:04.392;application/x-bolt;26738;0523542813;132340178794956000;2020-05-15;15:04:39.496;;;;;;18007;132340178975026000;2020-05-15;15:04:57.503;;;;;;;;132000_0034387670;;;;;;EDI+EDI;;Accept;;132000;2410;;123;Departures;;;;;;;;;;;;
D01/00000D493F190007;132340179448995502;2020-05-15;15:05:44.900;application/x-bolt;24370;0523447934 / 1923447934;132340179199946000;2020-05-15;15:05:19.995;;;;;;18006;132340179380006000;2020-05-15;15:05:38.001;;;;;;;;132000_0034387672;;;Multiple main barcodes detected;;;EDI+EDI;;Accept;;132000;2412;;123;Departures;;;;;;;;;;;;
D01/00000D493F200006;132340180084229466;2020-05-15;15:06:48.423;application/x-bolt;23750;0523541577;132340179835196000;2020-05-15;15:06:23.520;;;;;;18007;132340180015266000;2020-05-15;15:06:41.527;;;;;;;;132000_0034387673;;;;;;EDI+EDI;;Accept;;132000;2366;;123;Departures;;;;;;;;;;;;
D01/00000D493F260007;132340180147831925;2020-05-15;15:06:54.783;application/x-bolt;25576;0523520792;132340179898756000;2020-05-15;15:06:29.876;;;;;;18006;132340180078816000;2020-05-15;15:06:47.882;;;;;;;;132000_0034387676;;;;;;EDI+EDI;;Accept;;132000;5541;;123;Departures;;;;;;;;;;;;
D01/00000D493F2D0007;132340180230390021;2020-05-15;15:07:03.039;application/x-bolt;24424;0523574439;132340179981466000;2020-05-15;15:06:38.147;;;;;;18007;132340180161536000;2020-05-15;15:06:56.154;;;;;;;;132000_0034387677;;;;;;EDI+EDI;;Accept;;132000;2383;;123;Departures;;;;;;;;;;;;
D01/00000D493F340007;132340180264608243;2020-05-15;15:07:06.461;application/x-bolt;24736;0523541576;132340180015606000;2020-05-15;15:06:41.561;;;;;;18009;132340180195696000;2020-05-15;15:06:59.570;;;;;;;;132000_0034387675;;;;;;EDI+EDI;;Accept;;132000;2380;;123;Departures;;;;;;;;;;;;
D01/00000D493F3B0007;132340180292441203;2020-05-15;15:07:09.244;application/x-bolt;26078;0523552562;132340180043466000;2020-05-15;15:06:44.347;;;;;;18010;132340180223566000;2020-05-15;15:07:02.357;;;;;;;;132000_0034387678;;;;;;EDI+EDI;;Accept;;132000;2399;;123;Departures;;;;;;;;;;;;
D01/00000D493F420006;132340180321194919;2020-05-15;15:07:12.119;application/x-bolt;23169;0523574438;132340180072306000;2020-05-15;15:06:47.231;;;;;;18006;132340180252366000;2020-05-15;15:07:05.237;;;;;;;;132000_0034387679;;;;Camera02;09;EDI+EDI;;Accept;;132000;2413;;123;Departures;;;;;;;;;;;;
D01/00000D493F480007;132340180492356099;2020-05-15;15:07:29.236;application/x-bolt;26012;0523574440;132340180243686000;2020-05-15;15:07:04.369;;;;;;18007;132340180423756000;2020-05-15;15:07:22.376;;;;;;;;132000_0034387680;;;;;;EDI+EDI;;Accept;;132000;2436;;123;Departures;;;;;;;;;;;;
D01/00000D493F4F0007;132340180695043278;2020-05-15;15:07:49.504;application/x-bolt;24167;0523563536;132340180445826000;2020-05-15;15:07:24.583;;;;;;18008;132340180625906000;2020-05-15;15:07:42.591;;;;;;;;132000_0034387681;;;;Camera04;01;EDI+EDI;;Accept;;132000;2429;;123;Departures;;;;;;;;;;;;
D01/00000D493F560007;132340180810748715;2020-05-15;15:08:01.075;application/x-bolt;26233;0523506832;132340180561756000;2020-05-15;15:07:36.176;;;;;;18007;132340180741826000;2020-05-15;15:07:54.183;;;;;;;;132000_0034387682;;;;;;EDI+EDI;;Accept;;132000;2421;;123;Departures;;;;;;;;;;;;
D01/00000D493F5D0007;132340181059583961;2020-05-15;15:08:25.958;application/x-bolt;24232;0523503671;132340180810466000;2020-05-15;15:08:01.047;;;;;;18007;132340180990536000;2020-05-15;15:08:19.054;;;;;;;;132000_0034387683;;;;;;EDI+EDI;;Accept;;132000;2450;;123;Departures;;;;;;;;;;;;
D01/00000D493F640007;132340181129761848;2020-05-15;15:08:32.976;application/x-bolt;24737;0148443324 / 0523447935;132340180880576000;2020-05-15;15:08:08.058;;;;;;18008;132340181060656000;2020-05-15;15:08:26.066;;;;;;;;132000_0034387684;;;Multiple main barcodes detected;Camera01;08;EDI+EDI;;Accept;;132000;2454;;123;Departures;;;;;;;;;;;;
D01/00000D493F6B0006;132340181306857933;2020-05-15;15:08:50.686;application/x-bolt;23421;0523582455;132340181058016000;2020-05-15;15:08:25.802;;;;;;18007;132340181238086000;2020-05-15;15:08:43.809;;;;;;;;132000_0034387685;;;;Camera01;07;EDI+EDI;;Accept;;132000;2442;;123;Departures;;;;;;;;;;;;
D01/00000D493F710006;132340181370480397;2020-05-15;15:08:57.048;application/x-bolt;23703;0523449812;132340181121386000;2020-05-15;15:08:32.139;;;;;;18007;132340181301456000;2020-05-15;15:08:50.146;;;;;;;;132000_0034387686;;;;Camera05;06;EDI+EDI;;Accept;;132000;2442;;123;Departures;;;;;;;;;;;;
D01/00000D493F770007;132340181440147860;2020-05-15;15:09:04.015;application/x-bolt;25510;0512513545;132340181191136000;2020-05-15;15:08:39.114;;;;;;18007;132340181371206000;2020-05-15;15:08:57.121;;;;;;;;132000_0034387687;;;;;;EDI+EDI;;Accept;;132000;2436;;123;Departures;;;;;;;;;;;;
D01/00000D493F7E0007;132340181503490111;2020-05-15;15:09:10.349;application/x-bolt;25006;0512513546;132340181254476000;2020-05-15;15:08:45.448;;;;;;18007;132340181434546000;2020-05-15;15:09:03.455;;;;;;;;132000_0034387688;;;;;;EDI+EDI;;Accept;;132000;2494;;123;Departures;;;;;;;;;;;;
D01/00000D493F850006;132340181619555842;2020-05-15;15:09:21.956;application/x-bolt;23239;0512513554;132340181369786000;2020-05-15;15:08:56.979;;;;;;18006;132340181549846000;2020-05-15;15:09:14.985;;;;;;;;132000_0034387691;;;;Camera03;05;EDI+EDI;;Accept;;132000;2457;;123;Departures;;;;;;;;;;;;
D01/00000D493F8B0007;132340181707408309;2020-05-15;15:09:30.741;application/x-bolt;25150;0512513555;132340181456586000;2020-05-15;15:09:05.659;;;;;;18204;132340181638626000;2020-05-15;15:09:23.863;;;;;;;;132000_0034387693;;;;;;EDI+EDI;;Accept;;132000;2485;;123;Departures;;;;;;;;;;;;
D01/00000D493F920006;132340181776615391;2020-05-15;15:09:37.662;application/x-bolt;23362;0523518929;132340181527486000;2020-05-15;15:09:12.749;;;;;;18006;132340181707546000;2020-05-15;15:09:30.755;;;;;;;;132000_0034387689;;;;;;EDI+EDI;;Accept;;132000;2662;;123;Departures;;;;;;;;;;;;
D01/00000D493F980007;132340181805359100;2020-05-15;15:09:40.536;application/x-bolt;25399;0512513553;132340181556416000;2020-05-15;15:09:15.642;;;;;;18006;132340181736476000;2020-05-15;15:09:33.648;;;;;;;;132000_0034387692;;;;;;EDI+EDI;;Accept;;132000;2547;;123;Departures;;;;;;;;;;;;
D01/00000D493F9F0007;132340181863116738;2020-05-15;15:09:46.312;application/x-bolt;26096;0523518930;132340181614026000;2020-05-15;15:09:21.403;;;;;;18006;132340181794086000;2020-05-15;15:09:39.409;;;;;;;;132000_0034387690;;;;;;EDI+EDI;;Accept;;132000;2486;;123;Departures;;;;;;;;;;;;
D01/00000D493FA60006;132340182017253874;2020-05-15;15:10:01.725;application/x-bolt;23581;0512513562;132340181768176000;2020-05-15;15:09:36.818;;;;;;18007;132340181948246000;2020-05-15;15:09:54.825;;;;;;;;132000_0034387696;;;;Camera02;11;EDI+EDI;;Accept;;132000;2470;;123;Departures;;;;;;;;;;;;
D01/00000D493FAC0007;132340182153456217;2020-05-15;15:10:15.346;application/x-bolt;26447;0512513561;132340181904466000;2020-05-15;15:09:50.447;;;;;;18007;132340182084536000;2020-05-15;15:10:08.454;;;;;;;;132000_0034387697;;;;;;EDI+EDI;;Accept;;132000;4971;;123;Departures;;;;;;;;;;;;
D01/00000D493FB30007;132340182213125437;2020-05-15;15:10:21.313;application/x-bolt;27833;0512513566;132340181964046000;2020-05-15;15:09:56.405;;;;;;18007;132340182144116000;2020-05-15;15:10:14.412;;;;;;;;132000_0034387698;;;;;;EDI+EDI;;Accept;;132000;2489;;123;Departures;;;;;;;;;;;;
D01/00000D493FBA0007;132340182409007004;2020-05-15;15:10:40.901;application/x-bolt;24657;0523583270;132340182159976000;2020-05-15;15:10:15.998;;;;;;18006;132340182340036000;2020-05-15;15:10:34.004;;;;;;;;132000_0034387694;;;;;;EDI+EDI;;Accept;;132000;2537;;123;Departures;;;;;;;;;;;;
D01/00000D493FC10006;132340182434808289;2020-05-15;15:10:43.481;application/x-bolt;23632;0523520011;132340182185806000;2020-05-15;15:10:18.581;;;;;;18006;132340182365866000;2020-05-15;15:10:36.587;;;;;;;;132000_0034387695;;;;Camera03;12;EDI+EDI;;Accept;;132000;2500;;123;Departures;;;;;;;;;;;;
D01/00000D493FC70007;132340182520488965;2020-05-15;15:10:52.049;application/x-bolt;24755;0512513568;132340182271496000;2020-05-15;15:10:27.150;;;;;;18007;132340182451566000;2020-05-15;15:10:45.157;;;;;;;;132000_0034387699;;;;;;EDI+EDI;;Accept;;132000;2492;;123;Departures;;;;;;;;;;;;
D01/00000D493FCE0007;132340182726418812;2020-05-15;15:11:12.642;application/x-bolt;25012;0523583271;132340182477276000;2020-05-15;15:10:47.728;;;;;;18007;132340182657346000;2020-05-15;15:11:05.735;;;;;;;;132000_0034387700;;;;;;EDI+EDI;;Accept;;132000;2494;;123;Departures;;;;;;;;;;;;
D01/00000D493FD50007;132340182918897578;2020-05-15;15:11:31.890;application/x-bolt;24464;0523520012;132340182669936000;2020-05-15;15:11:06.994;;;;;;18007;132340182850006000;2020-05-15;15:11:25.001;;;;;;;;132000_0034387702;;;;;;EDI+EDI;;Accept;;132000;2456;;123;Departures;;;;;;;;;;;;
D01/00000D493FDC0006;132340183040828146;2020-05-15;15:11:44.083;application/x-bolt;24142;0523561598;132340182791706000;2020-05-15;15:11:19.171;;;;;;18008;132340182971786000;2020-05-15;15:11:37.179;;;;;;;;132000_0034387703;;;;;;EDI+EDI;;Accept;;132000;2522;;123;Departures;;;;;;;;;;;;
D01/00000D493FE20007;132340183066088984;2020-05-15;15:11:46.609;application/x-bolt;25830;0512513563;132340182817096000;2020-05-15;15:11:21.710;;;;;;18007;132340182997166000;2020-05-15;15:11:39.717;;;;;;;;132000_0034387712;;;;;;EDI+EDI;;Accept;;132000;2473;;123;Departures;;;;;;;;;;;;
D01/00000D493FE90007;132340183127279455;2020-05-15;15:11:52.728;application/x-bolt;26099;0523520015;132340182877226000;2020-05-15;15:11:27.723;;;;;;18101;132340183058236000;2020-05-15;15:11:45.824;;;;;;;;132000_0034387705;;;;;;EDI+EDI;;Accept;;132000;2504;;123;Departures;;;;;;;;;;;;
D01/00000D493FF00007;132340183207175356;2020-05-15;15:12:00.718;application/x-bolt;25188;0523529941;132340182958166000;2020-05-15;15:11:35.817;;;;;;18006;132340183138226000;2020-05-15;15:11:53.823;;;;;;;;132000_0034387704;;;;;;EDI+EDI;;Accept;;132000;2511;;123;Departures;;;;;;;;;;;;
D01/00000D493FF70006;132340183237170098;2020-05-15;15:12:03.717;application/x-bolt;23911;0512513570;132340182988066000;2020-05-15;15:11:38.807;;;;;;18007;132340183168136000;2020-05-15;15:11:56.814;;;;;;;;132000_0034387711;;;;;;EDI+EDI;;Accept;;132000;2533;;123;Departures;;;;;;;;;;;;
D01/00000D493FFD0007;132340183262641116;2020-05-15;15:12:06.264;application/x-bolt;25816;0512513574;132340183013566000;2020-05-15;15:11:41.357;;;;;;18006;132340183193626000;2020-05-15;15:11:59.363;;;;;;;;132000_0034387708;;;;;;EDI+EDI;;Accept;;132000;2371;;123;Departures;;;;;;;;;;;;
D01/00000D4940040006;132340183301142864;2020-05-15;15:12:10.114;application/x-bolt;23961;0523520014;132340183052106000;2020-05-15;15:11:45.211;;;;;;18007;132340183232176000;2020-05-15;15:12:03.218;;;;;;;;132000_0034387707;;;;;;EDI+EDI;;Accept;;132000;2538;;123;Departures;;;;;;;;;;;;
D01/00000D49400A0007;132340183405148651;2020-05-15;15:12:20.515;application/x-bolt;25430;5623520013 / 0523520013;132340183156166000;2020-05-15;15:11:55.617;;;;;;18007;132340183336236000;2020-05-15;15:12:13.624;;;;;;;;132000_0034387710;;;Multiple main barcodes detected;Camera03;05;EDI+EDI;;Accept;;132000;2513;;123;Departures;;;;;;;;;;;;
D01/00000D4940110006;132340183434382764;2020-05-15;15:12:23.438;application/x-bolt;23552;0523591247;132340183185326000;2020-05-15;15:11:58.533;;;;;;18007;132340183365396000;2020-05-15;15:12:16.540;;;;;;;;132000_0034387706;;;;;;EDI+EDI;;Accept;;132000;2494;;123;Departures;;;;;;;;;;;;
D01/00000D4940170007;132340183506051878;2020-05-15;15:12:30.605;application/x-bolt;25618;0523561599;132340183257026000;2020-05-15;15:12:05.703;;;;;;18009;132340183437116000;2020-05-15;15:12:23.712;;;;;;;;132000_0034387709;;;;;;EDI+EDI;;Accept;;132000;2494;;123;Departures;;;;;;;;;;;;
D01/00000D49401E0007;132340183778806855;2020-05-15;15:12:57.881;application/x-bolt;24870;5546526948 / 0523529942;132340183529726000;2020-05-15;15:12:32.973;;;;;;18007;132340183709796000;2020-05-15;15:12:50.980;;;;;;;;132000_0034387713;;;Multiple main barcodes detected;Camera05;07;EDI+EDI;;Accept;;132000;2511;;123;Departures;;;;;;;;;;;;
D01/00000D4940250006;132340183837215030;2020-05-15;15:13:03.722;application/x-bolt;21407;0512513579;132340183588196000;2020-05-15;15:12:38.820;;;;;;18007;132340183768266000;2020-05-15;15:12:56.827;;;;;;;;132000_0034387716;;;;;;EDI+EDI;;Accept;;132000;2507;;123;Departures;;;;;;;;;;;;
D01/00000D49402B0007;132340183862435833;2020-05-15;15:13:06.244;application/x-bolt;27125;0512513581;132340183613446000;2020-05-15;15:12:41.345;;;;;;18007;132340183793516000;2020-05-15;15:12:59.352;;;;;;;;132000_0034387715;;;;;;EDI+EDI;;Accept;;132000;2525;;123;Departures;;;;;;;;;;;;
D01/00000D4940320006;132340184033436880;2020-05-15;15:13:23.344;application/x-bolt;23225;0523585264;132340183784416000;2020-05-15;15:12:58.442;;;;;;18008;132340183964496000;2020-05-15;15:13:16.450;;;;;;;;132000_0034387714;;;;Camera03;12;EDI+EDI;;Accept;;132000;2539;;123;Departures;;;;;;;;;;;;
D01/00000D4940380007;132340184128245080;2020-05-15;15:13:32.825;application/x-bolt;26635;0512513576;132340183879226000;2020-05-15;15:13:07.923;;;;;;18007;132340184059296000;2020-05-15;15:13:25.930;;;;;;;;132000_0034387718;;;;;;EDI+EDI;;Accept;;132000;2496;;123;Departures;;;;;;;;;;;;
D01/00000D49403F0006;132340184320773885;2020-05-15;15:13:52.077;application/x-bolt;23395;0523552563;132340184071716000;2020-05-15;15:13:27.172;;;;;;18007;132340184251786000;2020-05-15;15:13:45.179;;;;;;;;132000_0034387717;;;;Camera05;07;EDI+EDI;;Accept;;132000;2455;;123;Departures;;;;;;;;;;;;
D01/00000D4940450006;132340184368923598;2020-05-15;15:13:56.892;application/x-bolt;23293;0523582456;132340184119936000;2020-05-15;15:13:31.994;;;;;;18008;132340184300016000;2020-05-15;15:13:50.002;;;;;;;;132000_0034387719;;;;Camera05;08;EDI+EDI;;Accept;;132000;2491;;123;Departures;;;;;;;;;;;;
D01/00000D49404B0006;132340184626516066;2020-05-15;15:14:22.652;application/x-bolt;23538;0523411087;132340184377506000;2020-05-15;15:13:57.751;;;;;;18007;132340184557576000;2020-05-15;15:14:15.758;;;;;;;;132000_0034387720;;;;;;EDI+EDI;;Accept;;132000;2489;;123;Departures;;;;;;;;;;;;
D01/00000D4940510007;132340184652097169;2020-05-15;15:14:25.210;application/x-bolt;26053;0512513578;132340184403096000;2020-05-15;15:14:00.310;;;;;;18006;132340184583156000;2020-05-15;15:14:18.316;;;;;;;;132000_0034387724;;;;;;EDI+EDI;;Accept;;132000;2519;;123;Departures;;;;;;;;;;;;
D01/00000D4940580006;132340184804372766;2020-05-15;15:14:40.437;application/x-bolt;23972;0512513583;132340184555516000;2020-05-15;15:14:15.552;;;;;;18007;132340184735586000;2020-05-15;15:14:33.559;;;;;;;;132000_0034387723;;;;;;EDI+EDI;;Accept;;132000;2493;;123;Departures;;;;;;;;;;;;
D01/00000D49405E0007;132340184855544978;2020-05-15;15:14:45.554;application/x-bolt;25753;0523573407;132340184606546000;2020-05-15;15:14:20.655;;;;;;18008;132340184786626000;2020-05-15;15:14:38.663;;;;;;;;132000_0034387722;;;;;;EDI+EDI;;Accept;;132000;2480;;123;Departures;;;;;;;;;;;;
D01/00000D4940650006;132340185081741556;2020-05-15;15:15:08.174;application/x-bolt;24149;0523038768;132340184832716000;2020-05-15;15:14:43.272;;;;;;18006;132340185012776000;2020-05-15;15:15:01.278;;;;;;;;132000_0034387725;;;;;;EDI+EDI;;Accept;;132000;2510;;123;Departures;;;;;;;;;;;;
D01/00000D49406B0007;132340185193253530;2020-05-15;15:15:19.325;application/x-bolt;25396;0512513591;132340184944396000;2020-05-15;15:14:54.440;;;;;;18006;132340185124456000;2020-05-15;15:15:12.446;;;;;;;;132000_0034387729;;;;;;EDI+EDI;;Accept;;132000;2511;;123;Departures;;;;;;;;;;;;
D01/00000D4940720006;132340185245876934;2020-05-15;15:15:24.588;application/x-bolt;23730;0546233647;132340184977706000;2020-05-15;15:14:57.771;;;;;;18007;132340185157776000;2020-05-15;15:15:15.778;;;;;;;;131800_0034387721;;;;;;EDI+EDI;;Accept;;131800;3630;;123;Departures;;;;;;;;;;;;
D01/00000D4940780006;132340185369799145;2020-05-15;15:15:36.980;application/x-bolt;23897;0523408916;132340185120656000;2020-05-15;15:15:12.066;;;;;;18007;132340185300726000;2020-05-15;15:15:30.073;;;;;;;;132000_0034387728;;;;Camera05;01;EDI+EDI;;Accept;;132000;3361;;123;Departures;;;;;;;;;;;;
D01/00000D49407E0006;132340185420070616;2020-05-15;15:15:42.007;application/x-bolt;22621;0546233648;132340185151886000;2020-05-15;15:15:15.189;;;;;;18007;132340185331956000;2020-05-15;15:15:33.196;;;;;;;;131800_0034387726;;;;Camera04;03;EDI+EDI;;Accept;;131800;2229;;123;Departures;;;;;;;;;;;;
D01/00000D4940840007;132340185428117251;2020-05-15;15:15:42.812;application/x-bolt;26861;0523542821;132340185179126000;2020-05-15;15:15:17.913;;;;;;18007;132340185359196000;2020-05-15;15:15:35.920;;;;;;;;132000_0034387730;;;;;;EDI+EDI;;Accept;;132000;2502;;123;Departures;;;;;;;;;;;;
D01/00000D49408B0006;132340185559755829;2020-05-15;15:15:55.976;application/x-bolt;22923;0546233649;132340185291766000;2020-05-15;15:15:29.177;;;;;;18006;132340185471826000;2020-05-15;15:15:47.183;;;;;;;;131800_0034387727;;;;Camera04;03;EDI+EDI;;Accept;;131800;2250;;123;Departures;;;;;;;;;;;;
D01/00000D4940910006;132340185651731695;2020-05-15;15:16:05.173;application/x-bolt;22379;0523508824;132340185402616000;2020-05-15;15:15:40.262;;;;;;18007;132340185582686000;2020-05-15;15:15:58.269;;;;;;;;132000_0034387732;;;;Camera03;03;EDI+EDI;;Accept;;132000;3150;;123;Departures;;;;;;;;;;;;
D01/00000D4940970006;132340185682837349;2020-05-15;15:16:08.284;application/x-bolt;21333;0512513595;132340185434086000;2020-05-15;15:15:43.409;;;;;;18006;132340185614146000;2020-05-15;15:16:01.415;;;;;;;;132000_0034387740;;;;;;EDI+EDI;;Accept;;132000;2320;;123;Departures;;;;;;;;;;;;
D01/00000D49409D0007;132340185734449922;2020-05-15;15:16:13.445;application/x-bolt;24395;0512513586;132340185485626000;2020-05-15;15:15:48.563;;;;;;18007;132340185665696000;2020-05-15;15:16:06.570;;;;;;;;132000_0034387738;;;;;;EDI+EDI;;Accept;;132000;2540;;123;Departures;;;;;;;;;;;;
D01/00000D4940AB0006;132340185784411132;2020-05-15;15:16:18.441;application/x-bolt;23220;0546233650;132340185516356000;2020-05-15;15:15:51.636;;;;;;18007;132340185696426000;2020-05-15;15:16:09.643;;;;;;;;131800_0034387731;;;;Camera05;03;EDI+EDI;;Accept;;131800;2242;;123;Departures;;;;;;;;;;;;
D01/00000D4940A40007;132340185770859955;2020-05-15;15:16:17.086;application/x-bolt;24672;0523529943;132340185521806000;2020-05-15;15:15:52.181;;;;;;18006;132340185701866000;2020-05-15;15:16:10.187;;;;;;;;132000_0034387735;;;;;;EDI+EDI;;Accept;;132000;2492;;123;Departures;;;;;;;;;;;;
D01/00000D4940B10006;132340185881371107;2020-05-15;15:16:28.137;application/x-bolt;23056;0546233651;132340185613306000;2020-05-15;15:16:01.331;;;;;;18008;132340185793386000;2020-05-15;15:16:19.339;;;;;;;;131800_0034387733;;;;Camera01;08;EDI+EDI;;Accept;;131800;2255;;123;Departures;;;;;;;;;;;;
D01/00000D4940B70006;132340186023898667;2020-05-15;15:16:42.390;application/x-bolt;24071;0546233652;132340185755726000;2020-05-15;15:16:15.573;;;;;;18008;132340185935806000;2020-05-15;15:16:33.581;;;;;;;;131800_0034387741;;;;Camera06;04;EDI+EDI;;Accept;;131800;2265;;123;Departures;;;;;;;;;;;;
D01/00000D4940BD0006;132340186081426120;2020-05-15;15:16:48.143;application/x-bolt;21447;0512513598;132340185832396000;2020-05-15;15:16:23.240;;;;;;18006;132340186012456000;2020-05-15;15:16:41.246;;;;;;;;132000_0034387743;;;;;;EDI+EDI;;Accept;;132000;2499;;123;Departures;;;;;;;;;;;;
D01/00000D4940C30006;132340186136761761;2020-05-15;15:16:53.676;application/x-bolt;23413;0523571417;132340185887776000;2020-05-15;15:16:28.778;;;;;;18007;132340186067846000;2020-05-15;15:16:46.785;;;;;;;;132000_0034387739;;;;Camera05;01;EDI+EDI;;Accept;;132000;2502;;123;Departures;;;;;;;;;;;;
D01/00000D4940C90007;132340186164724825;2020-05-15;15:16:56.472;application/x-bolt;24699;0523574441;132340185915716000;2020-05-15;15:16:31.572;;;;;;18007;132340186095786000;2020-05-15;15:16:49.579;;;;;;;;132000_0034387742;;;;;;EDI+EDI;;Accept;;132000;2529;;123;Departures;;;;;;;;;;;;
D01/00000D4940D00006;132340186193998973;2020-05-15;15:16:59.400;application/x-bolt;22971;0546233653;132340185925916000;2020-05-15;15:16:32.592;;;;;;18007;132340186105986000;2020-05-15;15:16:50.599;;;;;;;;131800_0034387736;;;;Camera05;07;EDI+EDI;;Accept;;131800;2291;;123;Departures;;;;;;;;;;;;
D01/00000D4940D60007;132340186250565628;2020-05-15;15:17:05.057;application/x-bolt;24351;0546233654;132340185982566000;2020-05-15;15:16:38.257;;;;;;18007;132340186162636000;2020-05-15;15:16:56.264;;;;;;;;131800_0034387737;;;;Camera01;09;EDI+EDI;;Accept;;131800;2288;;123;Departures;;;;;;;;;;;;
D01/00000D4940DD0007;132340186433796760;2020-05-15;15:17:23.380;application/x-bolt;24186;0523551721;132340186184716000;2020-05-15;15:16:58.472;;;;;;18006;132340186364776000;2020-05-15;15:17:16.478;;;;;;;;132000_0034387744;;;;;;EDI+EDI;;Accept;;132000;2500;;123;Departures;;;;;;;;;;;;
D01/00000D4940E40007;132340186648403777;2020-05-15;15:17:44.840;application/x-bolt;25769;0512513599;132340186399556000;2020-05-15;15:17:19.956;;;;;;18007;132340186579626000;2020-05-15;15:17:37.963;;;;;;;;132000_0034387747;;;;;;EDI+EDI;;Accept;;132000;3463;;123;Departures;;;;;;;;;;;;
D01/00000D4940EB0007;132340186680069898;2020-05-15;15:17:48.007;application/x-bolt;27289;0512513601;132340186430506000;2020-05-15;15:17:23.051;;;;;;18048;132340186610986000;2020-05-15;15:17:41.099;;;;;;;;132000_0034387746;;;;;;EDI+EDI;;Accept;;132000;2489;;123;Departures;;;;;;;;;;;;
D01/00000D4940F20006;132340186853432892;2020-05-15;15:18:05.343;application/x-bolt;23838;0523541578;132340186604366000;2020-05-15;15:17:40.437;;;;;;18007;132340186784436000;2020-05-15;15:17:58.444;;;;;;;;132000_0034387745;;;;;;EDI+EDI;;Accept;;132000;2976;;123;Departures;;;;;;;;;;;;
D01/00000D4940F80007;132340186966596230;2020-05-15;15:18:16.660;application/x-bolt;24598;0057671534 / 6357671534 / 0512513603;132340186717496000;2020-05-15;15:17:51.750;;;;;;18007;132340186897566000;2020-05-15;15:18:09.757;;;;;;;;132000_0034387750;;;Multiple main barcodes detected;Camera06;06;EDI+EDI;;Accept;;132000;3658;;123;Departures;;;;;;;;;;;;
D01/00000D4940FF0006;132340187046412065;2020-05-15;15:18:24.641;application/x-bolt;23660;0512513605;132340186797376000;2020-05-15;15:17:59.738;;;;;;18007;132340186977446000;2020-05-15;15:18:17.745;;;;;;;;132000_0034387751;;;;;;EDI+EDI;;Accept;;132000;3679;;123;Departures;;;;;;;;;;;;
D01/00000D4941050007;132340187076276698;2020-05-15;15:18:27.628;application/x-bolt;24678;0523503672;132340186827306000;2020-05-15;15:18:02.731;;;;;;18007;132340187007376000;2020-05-15;15:18:20.738;;;;;;;;132000_0034387748;;;;;;EDI+EDI;;Accept;;132000;2511;;123;Departures;;;;;;;;;;;;
D01/00000D49410C0006;132340187102027935;2020-05-15;15:18:30.203;application/x-bolt;23698;0512513602;132340186853096000;2020-05-15;15:18:05.310;;;;;;18007;132340187033166000;2020-05-15;15:18:23.317;;;;;;;;132000_0034387753;;;;Camera01;07;EDI+EDI;;Accept;;132000;2520;;123;Departures;;;;;;;;;;;;
D01/00000D4941120006;132340187337322014;2020-05-15;15:18:53.732;application/x-bolt;23573;0512513604;132340187088316000;2020-05-15;15:18:28.832;;;;;;18006;132340187268376000;2020-05-15;15:18:46.838;;;;;;;;132000_0034387755;;;;Camera04;01;EDI+EDI;;Accept;;132000;2503;;123;Departures;;;;;;;;;;;;
D01/00000D4941180007;132340187356317686;2020-05-15;15:18:55.632;application/x-bolt;24653;0512513606;132340187107386000;2020-05-15;15:18:30.739;;;;;;18007;132340187287456000;2020-05-15;15:18:48.746;;;;;;;;132000_0034387757;;;;;;EDI+EDI;;Accept;;132000;2488;;123;Departures;;;;;;;;;;;;
D01/00000D49411F0007;132340187392777757;2020-05-15;15:18:59.278;application/x-bolt;24684;0523504777;132340187143766000;2020-05-15;15:18:34.377;;;;;;18007;132340187323836000;2020-05-15;15:18:52.384;;;;;;;;132000_0034387752;;;;;;EDI+EDI;;Accept;;132000;2547;;123;Departures;;;;;;;;;;;;
D01/00000D4941260007;132340187444340287;2020-05-15;15:19:04.434;application/x-bolt;24937;0523520016;132340187195356000;2020-05-15;15:18:39.536;;;;;;18006;132340187375416000;2020-05-15;15:18:57.542;;;;;;;;132000_0034387754;;;;;;EDI+EDI;;Accept;;132000;2494;;123;Departures;;;;;;;;;;;;
D01/00000D49412D0007;132340187479469264;2020-05-15;15:19:07.947;application/x-bolt;24855;0512513607;132340187230486000;2020-05-15;15:18:43.049;;;;;;18006;132340187410546000;2020-05-15;15:19:01.055;;;;;;;;132000_0034387758;;;;Camera04;01;EDI+EDI;;Accept;;132000;2496;;123;Departures;;;;;;;;;;;;
D01/00000D4941340006;132340187679344124;2020-05-15;15:19:27.934;application/x-bolt;24024;0523531660;132340187430276000;2020-05-15;15:19:03.028;;;;;;18007;132340187610346000;2020-05-15;15:19:21.035;;;;;;;;132000_0034387756;;;;Camera05;01;EDI+EDI;;Accept;;132000;2508;;123;Departures;;;;;;;;;;;;
D01/00000D49413A0006;132340187780397475;2020-05-15;15:19:38.040;application/x-bolt;22926;0512513609;132340187531436000;2020-05-15;15:19:13.144;;;;;;18007;132340187711506000;2020-05-15;15:19:31.151;;;;;;;;132000_0034387762;;;;Camera03;08;EDI+EDI;;Accept;;132000;2482;;123;Departures;;;;;;;;;;;;
D01/00000D4941400006;132340187857330933;2020-05-15;15:19:45.733;application/x-bolt;24047;0523447936;132340187608196000;2020-05-15;15:19:20.820;;;;;;18010;132340187788296000;2020-05-15;15:19:38.830;;;;;;;;132000_0034387759;;;;Camera04;02;EDI+EDI;;Accept;;132000;2624;;123;Departures;;;;;;;;;;;;
D01/00000D4941460007;132340187884263150;2020-05-15;15:19:48.426;application/x-bolt;25558;0523587273 / 0199444810;132340187635246000;2020-05-15;15:19:23.525;;;;;;18007;132340187815316000;2020-05-15;15:19:41.532;;;;;;;;132000_0034387761;;;Multiple main barcodes detected;;;EDI+EDI;;Accept;;132000;2508;;123;Departures;;;;;;;;;;;;
D01/00000D49414D0006;132340187939478691;2020-05-15;15:19:53.948;application/x-bolt;23719;0523586262;132340187690546000;2020-05-15;15:19:29.055;;;;;;18007;132340187870616000;2020-05-15;15:19:47.062;;;;;;;;132000_0034387760;;;;Camera05;03;EDI+EDI;;Accept;;132000;2486;;123;Departures;;;;;;;;;;;;
D01/00000D4941530007;132340188136701364;2020-05-15;15:20:13.670;application/x-bolt;24213;0512513614;132340187887716000;2020-05-15;15:19:48.772;;;;;;18006;132340188067776000;2020-05-15;15:20:06.778;;;;;;;;132000_0034387763;;;;;;EDI+EDI;;Accept;;132000;2509;;123;Departures;;;;;;;;;;;;
D01/00000D49415A0007;132340188648023120;2020-05-15;15:21:04.802;application/x-bolt;25029;0950728490;132340188365460000;2020-05-15;15:20:36.546;;;;;;18008;132340188545540000;2020-05-15;15:20:54.554;;;;;;;;131900_0034387764;;;;;;EDI+EDI;;Accept;;131900;3111;;123;Departures;;;;;;;;;;;;
D01/00000D4941610007;132340188956397473;2020-05-15;15:21:35.640;application/x-bolt;25208;0523520017;132340188707486000;2020-05-15;15:21:10.749;;;;;;18007;132340188887556000;2020-05-15;15:21:28.756;;;;;;;;132000_0034387774;;;;;;EDI+EDI;;Accept;;132000;4673;;123;Departures;;;;;;;;;;;;
D01/00000D4941680007;132340189062004586;2020-05-15;15:21:46.200;application/x-bolt;27982;0523573408;132340188812926000;2020-05-15;15:21:21.293;;;;;;18007;132340188992996000;2020-05-15;15:21:39.300;;;;;;;;132000_0034387769;;;;;;EDI+EDI;;Accept;;132000;2454;;123;Departures;;;;;;;;;;;;
D01/00000D49416F0007;132340189103829087;2020-05-15;15:21:50.383;application/x-bolt;24396;0950728491;132340188821340000;2020-05-15;15:21:22.134;;;;;;18008;132340189001420000;2020-05-15;15:21:40.142;;;;;;;;131900_0034387771;;;;Camera03;11;EDI+EDI;;Accept;;131900;2413;;123;Departures;;;;;;;;;;;;
D01/00000D4941760006;132340189118581249;2020-05-15;15:21:51.858;application/x-bolt;24086;0523573409;132340188869486000;2020-05-15;15:21:26.949;;;;;;18007;132340189049556000;2020-05-15;15:21:44.956;;;;;;;;132000_0034387772;;;;;;EDI+EDI;;Accept;;132000;2487;;123;Departures;;;;;;;;;;;;
D01/00000D49417C0007;132340189149676896;2020-05-15;15:21:54.968;application/x-bolt;24603;0523520018;132340188899286000;2020-05-15;15:21:29.929;;;;;;18007;132340189079356000;2020-05-15;15:21:47.936;;;;;;;;132000_0034387770;;;;;;EDI+EDI;;Accept;;132000;2454;;123;Departures;;;;;;;;;;;;
D01/00000D4941830007;132340189241172365;2020-05-15;15:22:04.117;application/x-bolt;24957;0512513626;132340188992106000;2020-05-15;15:21:39.211;;;;;;18007;132340189172176000;2020-05-15;15:21:57.218;;;;;;;;132000_0034387768;;;;;;EDI+EDI;;Accept;;132000;2521;;123;Departures;;;;;;;;;;;;
D01/00000D49418A0007;132340189263030394;2020-05-15;15:22:06.303;application/x-bolt;26726;0523573410;132340189012346000;2020-05-15;15:21:41.235;;;;;;18167;132340189194016000;2020-05-15;15:21:59.402;;;;;;;;132000_0034387775;;;;;;EDI+EDI;;Accept;;132000;2494;;123;Departures;;;;;;;;;;;;
D01/00000D4941910006;132340189292955073;2020-05-15;15:22:09.296;application/x-bolt;24038;0512513611;132340189042286000;2020-05-15;15:21:44.229;;;;;;18173;132340189224016000;2020-05-15;15:22:02.402;;;;;;;;132000_0034387765;;;;Camera02;11;EDI+EDI;;Accept;;132000;2504;;123;Departures;;;;;;;;;;;;
D01/00000D4941970006;132340189312371095;2020-05-15;15:22:11.237;application/x-bolt;23038;0512513620;132340189063326000;2020-05-15;15:21:46.333;;;;;;18007;132340189243396000;2020-05-15;15:22:04.340;;;;;;;;132000_0034387783;;;;Camera06;03;EDI+EDI;;Accept;;132000;2465;;123;Departures;;;;;;;;;;;;
D01/00000D49419D0006;132340189336851288;2020-05-15;15:22:13.685;application/x-bolt;22585;0512513627;132340189087856000;2020-05-15;15:21:48.786;;;;;;18006;132340189267916000;2020-05-15;15:22:06.792;;;;;;;;132000_0034387778;;;;Camera03;11;EDI+EDI;;Accept;;132000;2301;;123;Departures;;;;;;;;;;;;
D01/00000D4941A30007;132340189393227784;2020-05-15;15:22:19.323;application/x-bolt;26718;0950728489;132340189110740000;2020-05-15;15:21:51.074;;;;;;18008;132340189290820000;2020-05-15;15:22:09.082;;;;;;;;131900_0034387776;;;;;;EDI+EDI;;Accept;;131900;2435;;123;Departures;;;;;;;;;;;;
D01/00000D4941AA0006;132340189417878117;2020-05-15;15:22:21.788;application/x-bolt;23954;0512513628;132340189168766000;2020-05-15;15:21:56.877;;;;;;18009;132340189348856000;2020-05-15;15:22:14.886;;;;;;;;132000_0034387773;;;;;;EDI+EDI;;Accept;;132000;2505;;123;Departures;;;;;;;;;;;;
D01/00000D4941B00006;132340189442988830;2020-05-15;15:22:24.299;application/x-bolt;24047;0512513630;132340189194026000;2020-05-15;15:21:59.403;;;;;;18006;132340189374086000;2020-05-15;15:22:17.409;;;;;;;;132000_0034387777;;;;Camera03;09;EDI+EDI;;Accept;;132000;2435;;123;Departures;;;;;;;;;;;;
D01/00000D4941B60007;132340189613089131;2020-05-15;15:22:41.309;application/x-bolt;24573;5011108138 / 0512513631;132340189363976000;2020-05-15;15:22:16.398;;;;;;18007;132340189544046000;2020-05-15;15:22:34.405;;;;;;;;132000_0034387780;;;Multiple main barcodes detected;Camera03;03;EDI+EDI;;Accept;;132000;2495;;123;Departures;;;;;;;;;;;;
D01/00000D4941C40006;132340189676381339;2020-05-15;15:22:47.638;application/x-bolt;23453;0950728492;132340189393920000;2020-05-15;15:22:19.392;;;;;;18008;132340189574000000;2020-05-15;15:22:37.400;;;;;;;;131900_0034387779;;;;Camera01;08;EDI+EDI;;Accept;;131900;2435;;123;Departures;;;;;;;;;;;;
D01/00000D4941BD0007;132340189644034654;2020-05-15;15:22:44.403;application/x-bolt;24953;0512513633;132340189394186000;2020-05-15;15:22:19.419;;;;;;18087;132340189575056000;2020-05-15;15:22:37.506;;;;;;;;132000_0034387781;;;;;;EDI+EDI;;Accept;;132000;2514;;123;Departures;;;;;;;;;;;;
D01/00000D4941CA0006;132340189732787862;2020-05-15;15:22:53.279;application/x-bolt;23989;0512513622;132340189483716000;2020-05-15;15:22:28.372;;;;;;18006;132340189663776000;2020-05-15;15:22:46.378;;;;;;;;132000_0034387782;;;;Camera02;08;EDI+EDI;;Accept;;132000;2533;;123;Departures;;;;;;;;;;;;
D01/00000D4941D00007;132340189795149300;2020-05-15;15:22:59.515;application/x-bolt;24519;0512513621 / 5512513621;132340189546126000;2020-05-15;15:22:34.613;;;;;;18006;132340189726186000;2020-05-15;15:22:52.619;;;;;;;;132000_0034387784;;;Multiple main barcodes detected;;;EDI+EDI;;Accept;;132000;2538;;123;Departures;;;;;;;;;;;;
D01/00000D4941D70007;132340189820420141;2020-05-15;15:23:02.042;application/x-bolt;24541;0512513636;132340189571596000;2020-05-15;15:22:37.160;;;;;;18006;132340189751656000;2020-05-15;15:22:55.166;;;;;;;;132000_0034387785;;;;;;EDI+EDI;;Accept;;132000;2466;;123;Departures;;;;;;;;;;;;
D01/00000D4941DE0006;132340189847452440;2020-05-15;15:23:04.745;application/x-bolt;23354;0512513637;132340189598376000;2020-05-15;15:22:39.838;;;;;;18006;132340189778436000;2020-05-15;15:22:57.844;;;;;;;;132000_0034387788;;;;;;EDI+EDI;;Accept;;132000;2495;;123;Departures;;;;;;;;;;;;
D01/00000D4941E40007;132340189905480304;2020-05-15;15:23:10.548;application/x-bolt;24687;0950728493;132340189623130000;2020-05-15;15:22:42.313;;;;;;18008;132340189803210000;2020-05-15;15:23:00.321;;;;;;;;131900_0034387786;;;;Camera05;09;EDI+EDI;;Accept;;131900;2457;;123;Departures;;;;;;;;;;;;
D01/00000D4941EB0006;132340189962467305;2020-05-15;15:23:16.247;application/x-bolt;23728;0950728494;132340189680280000;2020-05-15;15:22:48.028;;;;;;18008;132340189860360000;2020-05-15;15:23:06.036;;;;;;;;131900_0034387787;;;;Camera06;05;EDI+EDI;;Accept;;131900;2485;;123;Departures;;;;;;;;;;;;
D01/00000D4941F10006;132340189984885797;2020-05-15;15:23:18.489;application/x-bolt;23968;0512513613;132340189736136000;2020-05-15;15:22:53.614;;;;;;18006;132340189916196000;2020-05-15;15:23:11.620;;;;;;;;132000_0034387789;;;;;;EDI+EDI;;Accept;;132000;2457;;123;Departures;;;;;;;;;;;;
D01/00000D4941F70007;132340190126582673;2020-05-15;15:23:32.658;application/x-bolt;26898;0512513632;132340189877506000;2020-05-15;15:23:07.751;;;;;;18006;132340190057566000;2020-05-15;15:23:25.757;;;;;;;;132000_0034387790;;;;;;EDI+EDI;;Accept;;132000;2490;;123;Departures;;;;;;;;;;;;
D01/00000D4941FE0007;132340190245260561;2020-05-15;15:23:44.526;application/x-bolt;25152;0512513639;132340189996186000;2020-05-15;15:23:19.619;;;;;;18009;132340190176276000;2020-05-15;15:23:37.628;;;;;;;;132000_0034387791;;;;;;EDI+EDI;;Accept;;132000;2512;;123;Departures;;;;;;;;;;;;
D01/00000D4942050006;132340190442903585;2020-05-15;15:24:04.290;application/x-bolt;23247;0512513640;132340190193826000;2020-05-15;15:23:39.383;;;;;;18006;132340190373886000;2020-05-15;15:23:57.389;;;;;;;;132000_0034387792;;;;;;EDI+EDI;;Accept;;132000;2501;;123;Departures;;;;;;;;;;;;
D01/00000D49420B0007;132340190681490378;2020-05-15;15:24:28.149;application/x-bolt;25793;0950728497;132340190398890000;2020-05-15;15:23:59.889;;;;;;18007;132340190578960000;2020-05-15;15:24:17.896;;;;;;;;131900_0034387793;;;;;;EDI+EDI;;Accept;;131900;2469;;123;Departures;;;;;;;;;;;;
D01/00000D4942120007;132340190714457572;2020-05-15;15:24:31.446;application/x-bolt;24801;0950728496;132340190432030000;2020-05-15;15:24:03.203;;;;;;18007;132340190612100000;2020-05-15;15:24:21.210;;;;;;;;131900_0034387796;;;;Camera03;09;EDI+EDI;;Accept;;131900;2522;;123;Departures;;;;;;;;;;;;
D01/00000D4942190007;132340190735264735;2020-05-15;15:24:33.526;application/x-bolt;27255;0512513624;132340190486226000;2020-05-15;15:24:08.623;;;;;;18007;132340190666296000;2020-05-15;15:24:26.630;;;;;;;;132000_0034387798;;;;;;EDI+EDI;;Accept;;132000;2477;;123;Departures;;;;;;;;;;;;
D01/00000D4942200007;132340190964633921;2020-05-15;15:24:56.463;application/x-bolt;25358;0512513642;132340190715446000;2020-05-15;15:24:31.545;;;;;;18014;132340190895586000;2020-05-15;15:24:49.559;;;;;;;;132000_0034387801;;;;;;EDI+EDI;;Accept;;132000;3875;;123;Departures;;;;;;;;;;;;
D01/00000D4942270007;132340191027986175;2020-05-15;15:25:02.799;application/x-bolt;24578;0950728495;132340190745500000;2020-05-15;15:24:34.550;;;;;;18007;132340190925570000;2020-05-15;15:24:52.557;;;;;;;;131900_0034387799;;;;;;EDI+EDI;;Accept;;131900;5102;;123;Departures;;;;;;;;;;;;
D01/00000D49422E0007;132340191102457605;2020-05-15;15:25:10.246;application/x-bolt;25550;0512513641;132340190853326000;2020-05-15;15:24:45.333;;;;;;18015;132340191033476000;2020-05-15;15:25:03.348;;;;;;;;132000_0034387800;;;;;;EDI+EDI;;Accept;;132000;2498;;123;Departures;;;;;;;;;;;;
D01/00000D4942350006;132340191215370738;2020-05-15;15:25:21.537;application/x-bolt;23748;0151662690 / 0512513645;132340190966246000;2020-05-15;15:24:56.625;;;;;;18007;132340191146316000;2020-05-15;15:25:14.632;;;;;;;;132000_0034387804;;;Multiple main barcodes detected;;;EDI+EDI;;Accept;;132000;2502;;123;Departures;;;;;;;;;;;;
D01/00000D49423B0007;132340191336280467;2020-05-15;15:25:33.628;application/x-bolt;24896;0512513643 / 0512514182;132340191087196000;2020-05-15;15:25:08.720;;;;;;18008;132340191267276000;2020-05-15;15:25:26.728;;;;;;;;132000_0034387803;;;Multiple main barcodes detected;;;EDI+EDI;;Accept;;132000;2468;;123;Departures;;;;;;;;;;;;
D01/00000D4942420007;132340191384370134;2020-05-15;15:25:38.437;application/x-bolt;26441;0512513644;132340191135356000;2020-05-15;15:25:13.536;;;;;;18007;132340191315426000;2020-05-15;15:25:31.543;;;;;;;;132000_0034387808;;;;;;EDI+EDI;;Accept;;132000;2486;;123;Departures;;;;;;;;;;;;
D01/00000D4942490007;132340191597395841;2020-05-15;15:25:59.740;application/x-bolt;25482;0950728498;132340191314820000;2020-05-15;15:25:31.482;;;;;;18007;132340191494890000;2020-05-15;15:25:49.489;;;;;;;;131900_0034387805;;;;;;EDI+EDI;;Accept;;131900;2546;;123;Departures;;;;;;;;;;;;
D01/00000D4942500006;132340191687880479;2020-05-15;15:26:08.788;application/x-bolt;23673;0512513646;132340191438806000;2020-05-15;15:25:43.881;;;;;;18007;132340191618876000;2020-05-15;15:26:01.888;;;;;;;;132000_0034387809;;;;Camera02;10;EDI+EDI;;Accept;;132000;2507;;123;Departures;;;;;;;;;;;;
D01/00000D49425D0007;132340191826614908;2020-05-15;15:26:22.661;application/x-bolt;24402;0950728500;132340191544170000;2020-05-15;15:25:54.417;;;;;;18007;132340191724240000;2020-05-15;15:26:12.424;;;;;;;;131900_0034387810;;;;Camera05;09;EDI+EDI;;Accept;;131900;2496;;123;Departures;;;;;;;;;;;;
D01/00000D4942560007;132340191819929396;2020-05-15;15:26:21.993;application/x-bolt;25003;0512513649;132340191570866000;2020-05-15;15:25:57.087;;;;;;18006;132340191750926000;2020-05-15;15:26:15.093;;;;;;;;132000_0034387812;;;;;;EDI+EDI;;Accept;;132000;2497;;123;Departures;;;;;;;;;;;;
D01/00000D4942640007;132340191887945495;2020-05-15;15:26:28.795;application/x-bolt;26198;0950728499;132340191605270000;2020-05-15;15:26:00.527;;;;;;18021;132340191785480000;2020-05-15;15:26:18.548;;;;;;;;131900_0034387807;;;;;;EDI+EDI;;Accept;;131900;2530;;123;Departures;;;;;;;;;;;;
D01/00000D49426B0006;132340191901376574;2020-05-15;15:26:30.138;application/x-bolt;23937;0512513648;132340191652376000;2020-05-15;15:26:05.238;;;;;;18006;132340191832436000;2020-05-15;15:26:23.244;;;;;;;;132000_0034387811;;;;Camera03;03;EDI+EDI;;Accept;;132000;2505;;123;Departures;;;;;;;;;;;;
D01/00000D4942710007;132340192116544049;2020-05-15;15:26:51.654;application/x-bolt;26177;0950728502;132340191834000000;2020-05-15;15:26:23.400;;;;;;18007;132340192014070000;2020-05-15;15:26:41.407;;;;;;;;131900_0034387813;;;;Camera05;03;EDI+EDI;;Accept;;131900;2560;;123;Departures;;;;;;;;;;;;
D01/00000D4942780007;132340192120257114;2020-05-15;15:26:52.026;application/x-bolt;24688;0512513647;132340191871086000;2020-05-15;15:26:27.109;;;;;;18007;132340192051156000;2020-05-15;15:26:45.116;;;;;;;;132000_0034387816;;;;;;EDI+EDI;;Accept;;132000;2479;;123;Departures;;;;;;;;;;;;
D01/00000D49427F0007;132340192261923963;2020-05-15;15:27:06.192;application/x-bolt;24809;0950728501;132340191979510000;2020-05-15;15:26:37.951;;;;;;18008;132340192159590000;2020-05-15;15:26:55.959;;;;;;;;131900_0034387814;;;;Camera05;01;EDI+EDI;;Accept;;131900;2578;;123;Departures;;;;;;;;;;;;
D01/00000D4942860006;132340192265947281;2020-05-15;15:27:06.595;application/x-bolt;22724;0512513655;132340192017086000;2020-05-15;15:26:41.709;;;;;;18007;132340192197156000;2020-05-15;15:26:59.716;;;;;;;;132000_0034387820;;;;Camera05;08;EDI+EDI;;Accept;;132000;2485;;123;Departures;;;;;;;;;;;;
D01/00000D49428C0007;132340192298714306;2020-05-15;15:27:09.871;application/x-bolt;26410;0512513654;132340192049646000;2020-05-15;15:26:44.965;;;;;;18007;132340192229716000;2020-05-15;15:27:02.972;;;;;;;;132000_0034387817;;;;;;EDI+EDI;;Accept;;132000;2516;;123;Departures;;;;;;;;;;;;
D01/00000D4942930007;132340192330180265;2020-05-15;15:27:13.018;application/x-bolt;25236;0512513653;132340192081086000;2020-05-15;15:26:48.109;;;;;;18008;132340192261166000;2020-05-15;15:27:06.117;;;;;;;;132000_0034387819;;;;;;EDI+EDI;;Accept;;132000;2488;;123;Departures;;;;;;;;;;;;
D01/00000D49429A0007;132340192371384248;2020-05-15;15:27:17.138;application/x-bolt;26403;0950728504;132340192088780000;2020-05-15;15:26:48.878;;;;;;18007;132340192268850000;2020-05-15;15:27:06.885;;;;;;;;131900_0034387815;;;;;;EDI+EDI;;Accept;;131900;2547;;123;Departures;;;;;;;;;;;;
D01/00000D4942A80007;132340192517054399;2020-05-15;15:27:31.705;application/x-bolt;25013;0950728503;132340192234540000;2020-05-15;15:27:03.454;;;;;;18007;132340192414610000;2020-05-15;15:27:21.461;;;;;;;;131900_0034387818;;;;Camera06;04;EDI+EDI;;Accept;;131900;2563;;123;Departures;;;;;;;;;;;;
D01/00000D4942A10007;132340192509908507;2020-05-15;15:27:30.991;application/x-bolt;24590;0512513650;132340192260846000;2020-05-15;15:27:06.085;;;;;;18008;132340192440926000;2020-05-15;15:27:24.093;;;;;;;;132000_0034387825;;;;;;EDI+EDI;;Accept;;132000;2507;;123;Departures;;;;;;;;;;;;
D01/00000D4942B60007;132340192546508695;2020-05-15;15:27:34.651;application/x-bolt;24763;0950728505;132340192264000000;2020-05-15;15:27:06.400;;;;;;18007;132340192444070000;2020-05-15;15:27:24.407;;;;;;;;131900_0034387821;;;;Camera06;03;EDI+EDI;;Accept;;131900;2574;;123;Departures;;;;;;;;;;;;
D01/00000D4942AF0007;132340192529024275;2020-05-15;15:27:32.902;application/x-bolt;25448;0512513658;132340192279936000;2020-05-15;15:27:07.994;;;;;;18006;132340192459996000;2020-05-15;15:27:26.000;;;;;;;;132000_0034387828;;;;;;EDI+EDI;;Accept;;132000;2499;;123;Departures;;;;;;;;;;;;
D01/00000D4942BD0007;132340192584449990;2020-05-15;15:27:38.445;application/x-bolt;24980;0512513659;132340192335316000;2020-05-15;15:27:13.532;;;;;;18006;132340192515376000;2020-05-15;15:27:31.538;;;;;;;;132000_0034387827;;;;;;EDI+EDI;;Accept;;132000;2471;;123;Departures;;;;;;;;;;;;
D01/00000D4942C40007;132340192721843316;2020-05-15;15:27:52.184;application/x-bolt;26588;0512513656;132340192472646000;2020-05-15;15:27:27.265;;;;;;18007;132340192652716000;2020-05-15;15:27:45.272;;;;;;;;132000_0034387830;;;;;;EDI+EDI;;Accept;;132000;2460;;123;Departures;;;;;;;;;;;;
D01/00000D4942D20007;132340192771984678;2020-05-15;15:27:57.198;application/x-bolt;24963;0950728506;132340192489600000;2020-05-15;15:27:28.960;;;;;;18007;132340192669670000;2020-05-15;15:27:46.967;;;;;;;;131900_0034387826;;;;Camera06;03;EDI+EDI;;Accept;;131900;2603;;123;Departures;;;;;;;;;;;;
D01/00000D4942CB0007;132340192748965689;2020-05-15;15:27:54.897;application/x-bolt;24116;0512513651 / 0012513651;132340192499886000;2020-05-15;15:27:29.989;;;;;;18006;132340192679946000;2020-05-15;15:27:47.995;;;;;;;;132000_0034387838;;;Multiple main barcodes detected;;;EDI+EDI;;Accept;;132000;2504;;123;Departures;;;;;;;;;;;;
D01/00000D4942D90007;132340192803450632;2020-05-15;15:28:00.345;application/x-bolt;25522;0523528880;132340192554606000;2020-05-15;15:27:35.461;;;;;;18006;132340192734666000;2020-05-15;15:27:53.467;;;;;;;;132000_0034387797;;;;;;EDI+EDI;;Accept;;132000;2517;;123;Departures;;;;;;;;;;;;
D01/00000D4942E00007;132340192858696195;2020-05-15;15:28:05.870;application/x-bolt;26668;0123456778 / 0523528879 / 0222003227 / 0222001792;132340192609626000;2020-05-15;15:27:40.963;;;;;;18007;132340192789696000;2020-05-15;15:27:58.970;;;;;;;;132000_0034387824;;;Multiple main barcodes detected;;;EDI+EDI;;Accept;;132000;2520;;123;Departures;;;;;;;;;;;;
D01/00000D4942E70007;132340192883997069;2020-05-15;15:28:08.400;application/x-bolt;26112;0512513657;132340192634956000;2020-05-15;15:27:43.496;;;;;;18007;132340192815026000;2020-05-15;15:28:01.503;;;;;;;;132000_0034387834;;;;;;EDI+EDI;;Accept;;132000;2346;;123;Departures;;;;;;;;;;;;
D01/00000D4942EE0007;132340193089516588;2020-05-15;15:28:28.952;application/x-bolt;25479;0950728507;132340192807230000;2020-05-15;15:28:00.723;;;;;;18007;132340192987300000;2020-05-15;15:28:18.730;;;;;;;;131900_0034387833;;;;;;EDI+EDI;;Accept;;131900;2590;;123;Departures;;;;;;;;;;;;
D01/00000D4942F50007;132340193352563554;2020-05-15;15:28:55.256;application/x-bolt;26718;0950728509;132340193069950000;2020-05-15;15:28:26.995;;;;;;18008;132340193250030000;2020-05-15;15:28:45.003;;;;;;;;131900_0034387840;;;;;;EDI+EDI;;Accept;;131900;2610;;123;Departures;;;;;;;;;;;;
D01/00000D4942FC0007;132340193531971536;2020-05-15;15:29:13.197;application/x-bolt;25121;0950728510;132340193249480000;2020-05-15;15:28:44.948;;;;;;18007;132340193429550000;2020-05-15;15:29:02.955;;;;;;;;131900_0034387845;;;;;;EDI+EDI;;Accept;;131900;2679;;123;Departures;;;;;;;;;;;;
D01/00000D4943030007;132340193825243436;2020-05-15;15:29:42.524;application/x-bolt;24888;0950728511;132340193542610000;2020-05-15;15:29:14.261;;;;;;18007;132340193722680000;2020-05-15;15:29:32.268;;;;;;;;131900_0034387850;;;;Camera05;03;EDI+EDI;;Accept;;131900;2613;;123;Departures;;;;;;;;;;;;
D01/00000D49430A0007;132340193852595994;2020-05-15;15:29:45.260;application/x-bolt;25813;0950728512;132340193570160000;2020-05-15;15:29:17.016;;;;;;18007;132340193750230000;2020-05-15;15:29:35.023;;;;;;;;131900_0034387852;;;;;;EDI+EDI;;Accept;;131900;2601;;123;Departures;;;;;;;;;;;;
D01/00000D4943110006;132340194088700740;2020-05-15;15:30:08.870;application/x-bolt;22483;0950728513;132340193806160000;2020-05-15;15:29:40.616;;;;;;18007;132340193986230000;2020-05-15;15:29:58.623;;;;;;;;131900_0034387859;;;;;;EDI+EDI;;Accept;;131900;2554;;123;Departures;;;;;;;;;;;;
D01/00000D4943170007;132340194401929099;2020-05-15;15:30:40.193;application/x-bolt;24850;0523517728;132340194152886000;2020-05-15;15:30:15.289;;;;;;18007;132340194332956000;2020-05-15;15:30:33.296;;;;;;;;132000_0034387802;;;;;;EDI+EDI;;Accept;;132000;2406;;123;Departures;;;;;;;;;;;;
D01/00000D49431E0006;132340194446545904;2020-05-15;15:30:44.655;application/x-bolt;23701;0523563537;132340194197296000;2020-05-15;15:30:19.730;;;;;;18007;132340194377366000;2020-05-15;15:30:37.737;;;;;;;;132000_0034387806;;;;Camera01;12;EDI+EDI;;Accept;;132000;2453;;123;Departures;;;;;;;;;;;;
D01/00000D4943240006;132340194470976054;2020-05-15;15:30:47.098;application/x-bolt;23550;0512513660;132340194221946000;2020-05-15;15:30:22.195;;;;;;18006;132340194402006000;2020-05-15;15:30:40.201;;;;;;;;132000_0034387837;;;;Camera03;11;EDI+EDI;;Accept;;132000;2393;;123;Departures;;;;;;;;;;;;
D01/00000D49432A0006;132340194494535485;2020-05-15;15:30:49.454;application/x-bolt;23857;0512513663;132340194245646000;2020-05-15;15:30:24.565;;;;;;18007;132340194425716000;2020-05-15;15:30:42.572;;;;;;;;132000_0034387843;;;;Camera03;05;EDI+EDI;;Accept;;132000;2313;;123;Departures;;;;;;;;;;;;
D01/00000D4943370007;132340194544506702;2020-05-15;15:30:54.451;application/x-bolt;26064;0950728514;132340194261890000;2020-05-15;15:30:26.189;;;;;;18007;132340194441960000;2020-05-15;15:30:44.196;;;;;;;;131900_0034387870;;;;;;EDI+EDI;;Accept;;131900;2585;;123;Departures;;;;;;;;;;;;
D01/00000D4943300007;132340194525841302;2020-05-15;15:30:52.584;application/x-bolt;25404;0523582458;132340194271796000;2020-05-15;15:30:27.180;;;;;;18150;132340194453296000;2020-05-15;15:30:45.330;;;;;;;;132000_0034387832;;;;;;EDI+EDI;;Accept;;132000;2460;;123;Departures;;;;;;;;;;;;
D01/00000D49433E0007;132340194553814378;2020-05-15;15:30:55.381;application/x-bolt;25790;0523507876;132340194294646000;2020-05-15;15:30:29.465;;;;;;18208;132340194476726000;2020-05-15;15:30:47.673;;;;;;;;132000_0034387835;;;;;;EDI+EDI;;Accept;;132000;2436;;123;Departures;;;;;;;;;;;;
D01/00000D4943450006;132340194583298696;2020-05-15;15:30:58.330;application/x-bolt;23544;0523585266;132340194318666000;2020-05-15;15:30:31.867;;;;;;19561;132340194514276000;2020-05-15;15:30:51.428;;;;;;;;132000_0034387836;;;;Camera06;04;EDI+EDI;;Accept;;132000;2468;;123;Departures;;;;;;;;;;;;
D01/00000D49434B0006;132340194615695420;2020-05-15;15:31:01.570;application/x-bolt;21350;0512513662;132340194356666000;2020-05-15;15:30:35.667;;;;;;18902;132340194545686000;2020-05-15;15:30:54.569;;;;;;;;132000_0034387844;;;;;;EDI+EDI;;Accept;;132000;2493;;123;Departures;;;;;;;;;;;;
D01/00000D4943510009;132340194622671173;2020-05-15;15:31:02.267;application/x-bolt;35659;;132340194375876000;2020-05-15;15:30:37.588;;;;;;17737;132340194553246000;2020-05-15;15:30:55.325;;;11789;152;;Reject;2769;132000_0034387841;;;"Enrichment ""VCCLicense"" cancelled: no requester available / Enrichment ""VCCNoBSM"" cancelled: no requester available";;;VCS+VCS;;Cancel;;132000;2489;;123;Departures;;3;Cancelled: no requester available;Cancel;14722;;;4;Cancelled: no requester available;Cancel;14731;
D01/00000D49435A000A;132340194652395689;2020-05-15;15:31:05.240;application/x-bolt;36704;;132340194400706000;2020-05-15;15:30:40.071;;;;;;18217;132340194582876000;2020-05-15;15:30:58.288;;;12469;167;;Reject;2557;132000_0034387842;;;"Enrichment ""VCCLicense"" cancelled: no requester available / Enrichment ""VCCNoBSM"" cancelled: no requester available";Camera01;01;VCS+VCS;;Cancel;;132000;2328;;123;Departures;;3;Cancelled: no requester available;Cancel;15205;;;2;Cancelled: no requester available;Cancel;15213;
D01/00000D4943640006;132340194678327079;2020-05-15;15:31:07.833;application/x-bolt;22855;0512513664;132340194428696000;2020-05-15;15:30:42.870;;;;;;18014;132340194608836000;2020-05-15;15:31:00.884;;;;;;;;132000_0034387846;;;;;;EDI+EDI;;Accept;;132000;2468;;123;Departures;;;;;;;;;;;;
D01/00000D49436A0006;132340194703087501;2020-05-15;15:31:10.309;application/x-bolt;22541;0523585265;132340194453306000;2020-05-15;15:30:45.331;;;;;;18008;132340194633386000;2020-05-15;15:31:03.339;;;;;;;;132000_0034387839;;;;Camera06;07;EDI+EDI;;Accept;;132000;2331;;123;Departures;;;;;;;;;;;;
D01/00000D4943700006;132340194724164890;2020-05-15;15:31:12.416;application/x-bolt;24037;0222002646;132340194473676000;2020-05-15;15:30:47.368;;;;;;18164;132340194655316000;2020-05-15;15:31:05.532;;;;;;;;132000_0034387851;;;;Camera05;09;EDI+EDI;;Accept;;132000;4033;;123;Departures;;;;;;;;;;;;
D01/00000D4943760007;132340194765839261;2020-05-15;15:31:16.584;application/x-bolt;24973;0512513652;132340194516186000;2020-05-15;15:30:51.619;;;;;;18087;132340194697056000;2020-05-15;15:31:09.706;;;;;;;;132000_0034387848;;;;;;EDI+EDI;;Accept;;132000;2696;;123;Departures;;;;;;;;;;;;
D01/00000D49437D0007;132340194777018484;2020-05-15;15:31:17.702;application/x-bolt;25833;0123456788;132340194527946000;2020-05-15;15:30:52.795;;;;;;18008;132340194708026000;2020-05-15;15:31:10.803;;;;;;;;132000_0034387853;;;;;;EDI+EDI;;Accept;;132000;2493;;123;Departures;;;;;;;;;;;;
D01/00000D4943840009;132340194784234435;2020-05-15;15:31:18.423;application/x-bolt;35806;;132340194553116000;2020-05-15;15:30:55.312;;;;;;15847;132340194711586000;2020-05-15;15:31:11.159;;;9987;133;;Reject;2707;132000_0034387854;;;"Enrichment ""VCCLicense"" cancelled: no requester available / Enrichment ""VCCNoBSM"" cancelled: no requester available";;;VCS+VCS;;Cancel;;132000;2468;;123;Departures;;3;Cancelled: no requester available;Cancel;12836;;;2;Cancelled: no requester available;Cancel;12844;
D01/00000D49438D0007;132340194838469168;2020-05-15;15:31:23.847;application/x-bolt;24459;0512513668;132340194578136000;2020-05-15;15:30:57.814;;;;;;18014;132340194758276000;2020-05-15;15:31:15.828;;;;;;;;132000_0034387856;;;;;;EDI+EDI;;Accept;;132000;2900;;123;Departures;;;;;;;;;;;;
D01/00000D4943A20007;132340194876570596;2020-05-15;15:31:27.657;application/x-bolt;26205;0950728517;132340194593480000;2020-05-15;15:30:59.348;;;;;;18008;132340194773560000;2020-05-15;15:31:17.356;;;;;;;;131900_0034387874;;;;;;EDI+EDI;;Accept;;131900;2577;;123;Departures;;;;;;;;;;;;
D01/00000D4943940007;132340194857514883;2020-05-15;15:31:25.751;application/x-bolt;24489;0523571418;132340194600036000;2020-05-15;15:31:00.004;;;;;;18278;132340194782816000;2020-05-15;15:31:18.282;;;;;;;;132000_0034387847;;;;;;EDI+EDI;;Accept;;132000;2462;;123;Departures;;;;;;;;;;;;
D01/00000D49439B0007;132340194876070184;2020-05-15;15:31:27.607;application/x-bolt;24571;0512513669;132340194624886000;2020-05-15;15:31:02.489;;;;;;18206;132340194806946000;2020-05-15;15:31:20.695;;;;;;;;132000_0034387865;;;;;;EDI+EDI;;Accept;;132000;2496;;123;Departures;;;;;;;;;;;;
D01/00000D4943A9000A;132340194914652008;2020-05-15;15:31:31.465;application/x-bolt;36558;;132340194644446000;2020-05-15;15:31:04.445;;;;;;20087;132340194845316000;2020-05-15;15:31:24.532;;;12786;219;;Reject;3943;132000_0034387857;;;"Enrichment ""VCCLicense"" cancelled: no requester available / Enrichment ""VCCNoBSM"" cancelled: no requester available";Camera06;02;VCS+VCS;;Cancel;;132000;3714;;123;Departures;;3;Cancelled: no requester available;Cancel;17072;;;3;Cancelled: no requester available;Cancel;17082;
D01/00000D4943B3000A;132340194939132201;2020-05-15;15:31:33.913;application/x-bolt;36813;;132340194678776000;2020-05-15;15:31:07.878;;;;;;18977;132340194868546000;2020-05-15;15:31:26.855;;;13053;178;;Reject;2710;132000_0034387858;;;"Enrichment ""VCCLicense"" cancelled: no requester available / Enrichment ""VCCNoBSM"" cancelled: no requester available";Camera06;01;VCS+VCS;;Cancel;;132000;2473;;123;Departures;;2;Cancelled: no requester available;Cancel;15963;;;2;Cancelled: no requester available;Cancel;15971;
D01/00000D4943BD0007;132340194970858369;2020-05-15;15:31:37.086;application/x-bolt;25934;0512513665;132340194718466000;2020-05-15;15:31:11.847;;;;;;18008;132340194898546000;2020-05-15;15:31:29.855;;;;;;;;132000_0034387864;;;;;;EDI+EDI;;Accept;;132000;2484;;123;Departures;;;;;;;;;;;;
D01/00000D4943C40007;132340194990594645;2020-05-15;15:31:39.059;application/x-bolt;24799;0222001300;132340194736106000;2020-05-15;15:31:13.611;;;;;;18100;132340194917106000;2020-05-15;15:31:31.711;;;;;;;;132000_0034387860;;;;;;EDI+EDI;;Accept;;132000;2522;;123;Departures;;;;;;;;;;;;
D01/00000D4943D20009;132340195068759121;2020-05-15;15:31:46.876;application/x-bolt;35951;;132340194761516000;2020-05-15;15:31:16.152;;;;;;23770;132340194999216000;2020-05-15;15:31:39.922;;;15365;1286;;Reject;4086;132000_0034387861;;;"Enrichment ""VCCLicense"" cancelled: no requester available / Enrichment ""VCCNoBSM"" cancelled: no requester available";;;VCS+VCS;;Cancel;;132000;3718;;123;Departures;;6;Cancelled: no requester available;Cancel;20751;;;3;Cancelled: no requester available;Cancel;20764;
D01/00000D4943E50007;132340195082470429;2020-05-15;15:31:48.247;application/x-bolt;25822;0950728515;132340194799790000;2020-05-15;15:31:19.979;;;;;;18008;132340194979870000;2020-05-15;15:31:37.987;;;;;;;;131900_0034387876;;;;;;EDI+EDI;;Accept;;131900;2613;;123;Departures;;;;;;;;;;;;
D01/00000D4943CB0007;132340195059791720;2020-05-15;15:31:45.979;application/x-bolt;26397;0512513666;132340194802456000;2020-05-15;15:31:20.246;;;;;;18828;132340194990736000;2020-05-15;15:31:39.074;;;;;;;;132000_0034387869;;;;;;EDI+EDI;;Accept;;132000;1287;;123;Departures;;;;;;;;;;;;
D01/00000D4943DB000A;132340195074774077;2020-05-15;15:31:47.477;application/x-bolt;36558;;132340194817406000;2020-05-15;15:31:21.741;;;;;;18800;132340195005406000;2020-05-15;15:31:40.541;;;13017;79;;Reject;2682;132000_0034387862;;;"Enrichment ""VCCLicense"" cancelled: no requester available / Enrichment ""VCCNoBSM"" cancelled: no requester available";Camera05;11;VCS+VCS;;Cancel;;132000;2437;;123;Departures;;2;Cancelled: no requester available;Cancel;15789;;;2;Cancelled: no requester available;Cancel;15796;
D01/00000D4943EC0006;132340195085913269;2020-05-15;15:31:48.591;application/x-bolt;23583;0123456789;132340194833856000;2020-05-15;15:31:23.386;;;;;;18217;132340195016026000;2020-05-15;15:31:41.603;;;;;;;;132000_0034387863;;;;;;EDI+EDI;;Accept;;132000;2482;;123;Departures;;;;;;;;;;;;
D01/00000D4943F90007;132340195142349820;2020-05-15;15:31:54.235;application/x-bolt;26131;0950728516;132340194859830000;2020-05-15;15:31:25.983;;;;;;18008;132340195039910000;2020-05-15;15:31:43.991;;;;;;;;131900_0034387879;;;;;;EDI+EDI;;Accept;;131900;2619;;123;Departures;;;;;;;;;;;;
D01/00000D4943F20007;132340195117459289;2020-05-15;15:31:51.746;application/x-bolt;24216;0512513678;132340194864956000;2020-05-15;15:31:26.496;;;;;;18362;132340195048576000;2020-05-15;15:31:44.858;;;;;;;;132000_0034387880;;;;Camera04;03;EDI+EDI;;Accept;;132000;2507;;123;Departures;;;;;;;;;;;;
D01/00000D4944000007;132340195145852706;2020-05-15;15:31:54.585;application/x-bolt;24900;0512513671;132340194895366000;2020-05-15;15:31:29.537;;;;;;18162;132340195076986000;2020-05-15;15:31:47.699;;;;;;;;132000_0034387868;;;;;;EDI+EDI;;Accept;;132000;3507;;123;Departures;;;;;;;;;;;;
D01/00000D4944140007;132340195197635419;2020-05-15;15:31:59.764;application/x-bolt;26160;0950728508;132340194915050000;2020-05-15;15:31:31.505;;;;;;18008;132340195095130000;2020-05-15;15:31:49.513;;;;;;;;131900_0034387877;;;;;;EDI+EDI;;Accept;;131900;2613;;123;Departures;;;;;;;;;;;;
D01/00000D4944070007;132340195166619838;2020-05-15;15:31:56.662;application/x-bolt;25004;0523447937;132340194917376000;2020-05-15;15:31:31.738;;;;;;18009;132340195097466000;2020-05-15;15:31:49.747;;;;;;;;132000_0034387855;;;;Camera06;04;EDI+EDI;;Accept;;132000;4295;;123;Departures;;;;;;;;;;;;
D01/00000D49440E0006;132340195196104156;2020-05-15;15:31:59.610;application/x-bolt;23100;0523591248;132340194946926000;2020-05-15;15:31:34.693;;;;;;18007;132340195126996000;2020-05-15;15:31:52.700;;;;;;;;132000_0034387866;;;;Camera06;07;EDI+EDI;;Accept;;132000;2375;;123;Departures;;;;;;;;;;;;
D01/00000D49441B0007;132340195213588576;2020-05-15;15:32:01.359;application/x-bolt;24829;0512513674;132340194964406000;2020-05-15;15:31:36.441;;;;;;18009;132340195144496000;2020-05-15;15:31:54.450;;;;;;;;132000_0034387871;;;;;;EDI+EDI;;Accept;;132000;2497;;123;Departures;;;;;;;;;;;;
D01/00000D4944220006;132340195239950324;2020-05-15;15:32:03.995;application/x-bolt;23803;0523520793;132340194990816000;2020-05-15;15:31:39.082;;;;;;18007;132340195170886000;2020-05-15;15:31:57.089;;;;;;;;132000_0034387882;;;;Camera05;09;EDI+EDI;;Accept;;132000;2506;;123;Departures;;;;;;;;;;;;
D01/00000D4944280007;132340195271456308;2020-05-15;15:32:07.146;application/x-bolt;25528;0512513676;132340195022316000;2020-05-15;15:31:42.232;;;;;;18008;132340195202396000;2020-05-15;15:32:00.240;;;;;;;;132000_0034387875;;;;;;EDI+EDI;;Accept;;132000;2583;;123;Departures;;;;;;;;;;;;
D01/00000D49442F0007;132340195289891513;2020-05-15;15:32:08.989;application/x-bolt;25469;0523366571;132340195040896000;2020-05-15;15:31:44.090;;;;;;18007;132340195220966000;2020-05-15;15:32:02.097;;;;;;;;132000_0034387872;;;;;;EDI+EDI;;Accept;;132000;2496;;123;Departures;;;;;;;;;;;;
D01/00000D4944360007;132340195310298351;2020-05-15;15:32:11.030;application/x-bolt;26012;0512513681;132340195061186000;2020-05-15;15:31:46.119;;;;;;18007;132340195241256000;2020-05-15;15:32:04.126;;;;;;;;132000_0034387881;;;;;;EDI+EDI;;Accept;;132000;2496;;123;Departures;;;;;;;;;;;;
D01/00000D49443D0007;132340195335359016;2020-05-15;15:32:13.536;application/x-bolt;24764;0512513677;132340195086376000;2020-05-15;15:31:48.638;;;;;;18006;132340195266436000;2020-05-15;15:32:06.644;;;;;;;;132000_0034387883;;;;;;EDI+EDI;;Accept;;132000;3447;;123;Departures;;;;;;;;;;;;
D01/00000D4944440007;132340195370077655;2020-05-15;15:32:17.008;application/x-bolt;24219;0523507877;132340195121016000;2020-05-15;15:31:52.102;;;;;;18006;132340195301076000;2020-05-15;15:32:10.108;;;;;;;;132000_0034387873;;;;;;EDI+EDI;;Accept;;132000;2332;;123;Departures;;;;;;;;;;;;
D01/00000D49444B0006;132340195472922487;2020-05-15;15:32:27.292;application/x-bolt;24116;0512513679;132340195224016000;2020-05-15;15:32:02.402;;;;;;18007;132340195404086000;2020-05-15;15:32:20.409;;;;;;;;132000_0034387886;;;;;;EDI+EDI;;Accept;;132000;2480;;123;Departures;;;;;;;;;;;;
D01/00000D4944510007;132340195547083656;2020-05-15;15:32:34.708;application/x-bolt;24852;0950728518;132340195264530000;2020-05-15;15:32:06.453;;;;;;18008;132340195444610000;2020-05-15;15:32:24.461;;;;;;;;131900_0034387884;;;;;;EDI+EDI;;Accept;;131900;2599;;123;Departures;;;;;;;;;;;;
D01/00000D4944580007;132340195652890926;2020-05-15;15:32:45.289;application/x-bolt;25159;0512513682;132340195403886000;2020-05-15;15:32:20.389;;;;;;18007;132340195583956000;2020-05-15;15:32:38.396;;;;;;;;132000_0034387887;;;;;;EDI+EDI;;Accept;;132000;2514;;123;Departures;;;;;;;;;;;;
D01/00000D49445F0006;132340195929879396;2020-05-15;15:33:12.988;application/x-bolt;21298;0512513683;132340195680936000;2020-05-15;15:32:48.094;;;;;;18006;132340195860996000;2020-05-15;15:33:06.100;;;;;;;;132000_0034387888;;;;;;EDI+EDI;;Accept;;132000;2495;;123;Departures;;;;;;;;;;;;
D01/00000D4944650006;132340196067432854;2020-05-15;15:33:26.743;application/x-bolt;22122;0512513684;132340195818346000;2020-05-15;15:33:01.835;;;;;;18011;132340195998456000;2020-05-15;15:33:19.846;;;;;;;;132000_0034387891;;;;;;EDI+EDI;;Accept;;132000;2494;;123;Departures;;;;;;;;;;;;
D01/00000D49446B000A;132340196095716182;2020-05-15;15:33:29.572;application/x-bolt;36828;;132340195869926000;2020-05-15;15:33:06.993;MRA - LN193;MRA;2020-05-15;LN193;;15640;132340196026326000;2020-05-15;15:33:22.633;;;9755;117;;Partial;2750;132000_0034387889;LN_0193_DFR1505;;"Enrichment ""VCCLicense"" cancelled: no requester available";Camera05;05;VCS+OCR;;Accept;;132000;2481;;123;Departures;;2;Cancelled: no requester available;Cancel;12635;;;;;;;
D01/00000D4944750007;132340196179034902;2020-05-15;15:33:37.903;application/x-bolt;25963;0950728519;132340195896350000;2020-05-15;15:33:09.635;;;;;;18008;132340196076430000;2020-05-15;15:33:27.643;;;;;;;;131900_0034387890;;;;;;EDI+EDI;;Accept;;131900;2538;;123;Departures;;;;;;;;;;;;
D01/00000D49447C0007;132340196216555853;2020-05-15;15:33:41.656;application/x-bolt;25754;0512513688;132340195967396000;2020-05-15;15:33:16.740;;;;;;18007;132340196147466000;2020-05-15;15:33:34.747;;;;;;;;132000_0034387893;;;;;;EDI+EDI;;Accept;;132000;2723;;123;Departures;;;;;;;;;;;;
D01/00000D4944830007;132340196340287913;2020-05-15;15:33:54.029;application/x-bolt;24627;0512513686;132340196091176000;2020-05-15;15:33:29.118;;;;;;18007;132340196271246000;2020-05-15;15:33:47.125;;;;;;;;132000_0034387892;;;;;;EDI+EDI;;Accept;;132000;2502;;123;Departures;;;;;;;;;;;;
D01/00000D49448A0007;132340196424907706;2020-05-15;15:34:02.491;application/x-bolt;25777;0512513687;132340196175796000;2020-05-15;15:33:37.580;;;;;;18007;132340196355866000;2020-05-15;15:33:55.587;;;;;;;;132000_0034387894;;;;;;EDI+EDI;;Accept;;132000;2499;;123;Departures;;;;;;;;;;;;
D01/00000D4944980007;132340196579455185;2020-05-15;15:34:17.946;application/x-bolt;26328;0950728522;132340196296870000;2020-05-15;15:33:49.687;;;;;;18009;132340196476960000;2020-05-15;15:34:07.696;;;;;;;;131900_0034387895;;;;;;EDI+EDI;;Accept;;131900;2535;;123;Departures;;;;;;;;;;;;
D01/00000D4944910007;132340196561280193;2020-05-15;15:34:16.128;application/x-bolt;25194;0512513692;132340196312086000;2020-05-15;15:33:51.209;;;;;;18007;132340196492156000;2020-05-15;15:34:09.216;;;;;;;;132000_0034387897;;;;;;EDI+EDI;;Accept;;132000;4215;;123;Departures;;;;;;;;;;;;
D01/00000D49449F0007;132340196631768332;2020-05-15;15:34:23.177;application/x-bolt;26216;0950728520 / 0950728521;132340196349270000;2020-05-15;15:33:54.927;;;;;;18010;132340196529370000;2020-05-15;15:34:12.937;;;;;;;;131900_0034387896;;;Multiple main barcodes detected;Camera06;05;EDI+EDI;;Accept;;131900;2535;;123;Departures;;;;;;;;;;;;
D01/00000D4944A60007;132340196637412990;2020-05-15;15:34:23.741;application/x-bolt;24763;0235710793 / 0512513690;132340196388306000;2020-05-15;15:33:58.831;;;;;;18007;132340196568376000;2020-05-15;15:34:16.838;;;;;;;;132000_0034387907;;;Multiple main barcodes detected;;;EDI+EDI;;Accept;;132000;2510;;123;Departures;;;;;;;;;;;;
D01/00000D4944AD0007;132340196715487388;2020-05-15;15:34:31.549;application/x-bolt;24518;0950728523;132340196433010000;2020-05-15;15:34:03.301;;;;;;18009;132340196613100000;2020-05-15;15:34:21.310;;;;;;;;131900_0034387898;;;;;;EDI+EDI;;Accept;;131900;2537;;123;Departures;;;;;;;;;;;;
D01/00000D4944B40006;132340196725235429;2020-05-15;15:34:32.524;application/x-bolt;21005;0523506834;132340196476196000;2020-05-15;15:34:07.620;;;;;;18007;132340196656266000;2020-05-15;15:34:25.627;;;;;;;;132000_0034387899;;;;;;EDI+EDI;;Accept;;132000;2511;;123;Departures;;;;;;;;;;;;
D01/00000D4944BA0006;132340196756461180;2020-05-15;15:34:35.646;application/x-bolt;23863;0512513691;132340196507636000;2020-05-15;15:34:10.764;;;;;;18007;132340196687706000;2020-05-15;15:34:28.771;;;;;;;;132000_0034387902;;;;Camera02;11;EDI+EDI;;Accept;;132000;2508;;123;Departures;;;;;;;;;;;;
D01/00000D4944C00007;132340196777668673;2020-05-15;15:34:37.767;application/x-bolt;25580;0512513693;132340196528576000;2020-05-15;15:34:12.858;;;;;;18008;132340196708656000;2020-05-15;15:34:30.866;;;;;;;;132000_0034387901;;;;;;EDI+EDI;;Accept;;132000;2518;;123;Departures;;;;;;;;;;;;
D01/00000D4944C70006;132340196888760307;2020-05-15;15:34:48.876;application/x-bolt;22736;0512513694;132340196639636000;2020-05-15;15:34:23.964;;;;;;18010;132340196819736000;2020-05-15;15:34:41.974;;;;;;;;132000_0034387908;;;;Camera04;03;EDI+EDI;;Accept;;132000;2524;;123;Departures;;;;;;;;;;;;
D01/00000D4944CD0007;132340197009830169;2020-05-15;15:35:00.983;application/x-bolt;25512;0950728524;132340196727310000;2020-05-15;15:34:32.731;;;;;;18008;132340196907390000;2020-05-15;15:34:50.739;;;;;;;;131900_0034387904;;;;;;EDI+EDI;;Accept;;131900;2591;;123;Departures;;;;;;;;;;;;
D01/00000D4944D40006;132340197019147852;2020-05-15;15:35:01.915;application/x-bolt;23691;0523517729;132340196770076000;2020-05-15;15:34:37.008;;;;;;18006;132340196950136000;2020-05-15;15:34:55.014;;;;;;;;132000_0034387903;;;;Camera02;11;EDI+EDI;;Accept;;132000;2520;;123;Departures;;;;;;;;;;;;
D01/00000D4944DA0006;132340197046870718;2020-05-15;15:35:04.687;application/x-bolt;23478;0512513696;132340196798106000;2020-05-15;15:34:39.811;;;;;;18008;132340196978186000;2020-05-15;15:34:57.819;;;;;;;;132000_0034387905;;;;Camera02;09;EDI+EDI;;Accept;;132000;2521;;123;Departures;;;;;;;;;;;;
D01/00000D4944E00007;132340197067317586;2020-05-15;15:35:06.732;application/x-bolt;24381;0512513698;132340196818216000;2020-05-15;15:34:41.822;;;;;;18008;132340196998296000;2020-05-15;15:34:59.830;;;;;;;;132000_0034387912;;;;;;EDI+EDI;;Accept;;132000;2543;;123;Departures;;;;;;;;;;;;
D01/00000D4944E70006;132340197092848645;2020-05-15;15:35:09.285;application/x-bolt;21269;0512513700;132340196843836000;2020-05-15;15:34:44.384;;;;;;18006;132340197023896000;2020-05-15;15:35:02.390;;;;;;;;132000_0034387913;;;;;;EDI+EDI;;Accept;;132000;2249;;123;Departures;;;;;;;;;;;;
D01/00000D4944ED0006;132340197168090708;2020-05-15;15:35:16.809;application/x-bolt;23568;0512513697;132340196918696000;2020-05-15;15:34:51.870;;;;;;18018;132340197098876000;2020-05-15;15:35:09.888;;;;;;;;132000_0034387909;;;;Camera05;06;EDI+EDI;;Accept;;132000;3538;;123;Departures;;;;;;;;;;;;
D01/00000D4944F30007;132340197246945746;2020-05-15;15:35:24.695;application/x-bolt;24244;0523530928;132340196997886000;2020-05-15;15:34:59.789;;;;;;18006;132340197177946000;2020-05-15;15:35:17.795;;;;;;;;132000_0034387906;;;;;;EDI+EDI;;Accept;;132000;2492;;123;Departures;;;;;;;;;;;;
D01/00000D4944FA0007;132340197278001362;2020-05-15;15:35:27.800;application/x-bolt;24844;0523586265;132340197027996000;2020-05-15;15:35:02.800;;;;;;18110;132340197209096000;2020-05-15;15:35:20.910;;;;;;;;132000_0034387910;;;;;;EDI+EDI;;Accept;;132000;2486;;123;Departures;;;;;;;;;;;;
D01/00000D4945010006;132340197305784278;2020-05-15;15:35:30.578;application/x-bolt;21322;0512513699;132340197056706000;2020-05-15;15:35:05.671;;;;;;18007;132340197236776000;2020-05-15;15:35:23.678;;;;;;;;132000_0034387911;;;;;;EDI+EDI;;Accept;;132000;2515;;123;Departures;;;;;;;;;;;;
D01/00000D4945070006;132340197323168616;2020-05-15;15:35:32.317;application/x-bolt;24020;0512513695;132340197073996000;2020-05-15;15:35:07.400;;;;;;18007;132340197254066000;2020-05-15;15:35:25.407;;;;;;;;132000_0034387917;;;;;;EDI+EDI;;Accept;;132000;2492;;123;Departures;;;;;;;;;;;;
D01/00000D49450D0007;132340197355535317;2020-05-15;15:35:35.554;application/x-bolt;25094;0523586266;132340197106316000;2020-05-15;15:35:10.632;;;;;;18007;132340197286386000;2020-05-15;15:35:28.639;;;;;;;;132000_0034387914;;;;;;EDI+EDI;;Accept;;132000;2603;;123;Departures;;;;;;;;;;;;
D01/00000D4945140008;132340197410130344;2020-05-15;15:35:41.013;application/x-bolt;28916;0950728526;132340197127440000;2020-05-15;15:35:12.744;;;;;;18008;132340197307520000;2020-05-15;15:35:30.752;;;;;;;;131900_0034387916;;;;;;EDI+EDI;;Accept;;131900;2573;;123;Departures;;;;;;;;;;;;
D01/00000D49451C0007;132340197475784498;2020-05-15;15:35:47.578;application/x-bolt;24804;0523532854;132340197226656000;2020-05-15;15:35:22.666;;;;;;18006;132340197406716000;2020-05-15;15:35:40.672;;;;;;;;132000_0034387915;;;;;;EDI+EDI;;Accept;;132000;2511;;123;Departures;;;;;;;;;;;;
D01/00000D49452A0007;132340197553458570;2020-05-15;15:35:55.346;application/x-bolt;24695;0950728527;132340197270850000;2020-05-15;15:35:27.085;;;;;;18007;132340197450920000;2020-05-15;15:35:45.092;;;;;;;;131900_0034387921;;;;Camera05;03;EDI+EDI;;Accept;;131900;2564;;123;Departures;;;;;;;;;;;;
D01/00000D4945230007;132340197534963314;2020-05-15;15:35:53.496;application/x-bolt;24273;0523586264;132340197286106000;2020-05-15;15:35:28.611;;;;;;18007;132340197466176000;2020-05-15;15:35:46.618;;;;;;;;132000_0034387918;;;;;;EDI+EDI;;Accept;;132000;2525;;123;Departures;;;;;;;;;;;;
D01/00000D4945310006;132340197563006444;2020-05-15;15:35:56.301;application/x-bolt;21394;0512513701;132340197313966000;2020-05-15;15:35:31.397;;;;;;18007;132340197494036000;2020-05-15;15:35:49.404;;;;;;;;132000_0034387923;;;;;;EDI+EDI;;Accept;;132000;2493;;123;Departures;;;;;;;;;;;;
D01/00000D4945370006;132340197583643472;2020-05-15;15:35:58.364;application/x-bolt;23561;0512513702;132340197334646000;2020-05-15;15:35:33.465;;;;;;18006;132340197514706000;2020-05-15;15:35:51.471;;;;;;;;132000_0034387920;;;;;;EDI+EDI;;Accept;;132000;2528;;123;Departures;;;;;;;;;;;;
D01/00000D49454A0007;132340197700129548;2020-05-15;15:36:10.013;application/x-bolt;25465;0950728528;132340197417580000;2020-05-15;15:35:41.758;;;;;;18007;132340197597650000;2020-05-15;15:35:59.765;;;;;;;;131900_0034387922;;;;;;EDI+EDI;;Accept;;131900;2562;;123;Departures;;;;;;;;;;;;
D01/00000D49453D0006;132340197673027191;2020-05-15;15:36:07.303;application/x-bolt;23417;0523583272;132340197423896000;2020-05-15;15:35:42.390;;;;;;18007;132340197603966000;2020-05-15;15:36:00.397;;;;;;;;132000_0034387919;;;;Camera01;09;EDI+EDI;;Accept;;132000;2497;;123;Departures;;;;;;;;;;;;
D01/00000D4945430007;132340197698007796;2020-05-15;15:36:09.801;application/x-bolt;26127;0512513703;132340197448996000;2020-05-15;15:35:44.900;;;;;;18006;132340197629056000;2020-05-15;15:36:02.906;;;;;;;;132000_0034387925;;;;;;EDI+EDI;;Accept;;132000;2330;;123;Departures;;;;;;;;;;;;
D01/00000D4945510007;132340197850563626;2020-05-15;15:36:25.056;application/x-bolt;25261;0523586263;132340197601506000;2020-05-15;15:36:00.151;;;;;;18007;132340197781576000;2020-05-15;15:36:18.158;;;;;;;;132000_0034387926;;;;;;EDI+EDI;;Accept;;132000;2492;;123;Departures;;;;;;;;;;;;
D01/00000D4945650009;132340198140667675;2020-05-15;15:36:54.067;application/x-bolt;32999;;132340197642840000;2020-05-15;15:36:04.284;;;;;;39496;132340198037800000;2020-05-15;15:36:43.780;;0950728525;10360;542;;Partial;10583;131900_0034387927;;;;Camera05;04;OCR+EDI;;Accept;;131900;2561;;123;Departures;;;;;;;;;;;;
D01/00000D4945580007;132340197932423928;2020-05-15;15:36:33.242;application/x-bolt;24452;0523551722;132340197681386000;2020-05-15;15:36:08.139;;;;;;18200;132340197863386000;2020-05-15;15:36:26.339;;;;;;;;132000_0034387924;;;;;;EDI+EDI;;Accept;;132000;2492;;123;Departures;;;;;;;;;;;;
D01/00000D49455F0006;132340198058325019;2020-05-15;15:36:45.833;application/x-bolt;21108;0512513704;132340197808326000;2020-05-15;15:36:20.833;;;;;;18086;132340197989186000;2020-05-15;15:36:38.919;;;;;;;;132000_0034387929;;;;;;EDI+EDI;;Accept;;132000;2493;;123;Departures;;;;;;;;;;;;
D01/00000D49456E0007;132340198156661789;2020-05-15;15:36:55.666;application/x-bolt;24516;0523582459;132340197907646000;2020-05-15;15:36:30.765;;;;;;18008;132340198087726000;2020-05-15;15:36:48.773;;;;;;;;132000_0034387928;;;;;;EDI+EDI;;Accept;;132000;2526;;123;Departures;;;;;;;;;;;;
D01/00000D4945750007;132340198182734798;2020-05-15;15:36:58.273;application/x-bolt;25454;0512513709;132340197933596000;2020-05-15;15:36:33.360;;;;;;18009;132340198113686000;2020-05-15;15:36:51.369;;;;;;;;132000_0034387932;;;;;;EDI+EDI;;Accept;;132000;2522;;123;Departures;;;;;;;;;;;;
D01/00000D49457C0007;132340198208447486;2020-05-15;15:37:00.845;application/x-bolt;25977;0512513706;132340197959196000;2020-05-15;15:36:35.920;;;;;;18006;132340198139256000;2020-05-15;15:36:53.926;;;;;;;;132000_0034387930;;;;;;EDI+EDI;;Accept;;132000;2209;;123;Departures;;;;;;;;;;;;
D01/00000D4945830007;132340198381420113;2020-05-15;15:37:18.142;application/x-bolt;25593;0523551723;132340198130766000;2020-05-15;15:36:53.077;;;;;;18148;132340198312246000;2020-05-15;15:37:11.225;;;;;;;;132000_0034387931;;;;;;EDI+EDI;;Accept;;132000;2500;;123;Departures;;;;;;;;;;;;
D01/00000D49458A0007;132340198407383026;2020-05-15;15:37:20.738;application/x-bolt;26531;0512513708;132340198158216000;2020-05-15;15:36:55.822;;;;;;18007;132340198338286000;2020-05-15;15:37:13.829;;;;;;;;132000_0034387933;;;;;;EDI+EDI;;Accept;;132000;2513;;123;Departures;;;;;;;;;;;;
D01/00000D4945910006;132340198428141341;2020-05-15;15:37:22.814;application/x-bolt;21139;0512513710;132340198179106000;2020-05-15;15:36:57.911;;;;;;18006;132340198359166000;2020-05-15;15:37:15.917;;;;;;;;132000_0034387935;;;;;;EDI+EDI;;Accept;;132000;2542;;123;Departures;;;;;;;;;;;;
D01/00000D4945970007;132340198459949407;2020-05-15;15:37:25.995;application/x-bolt;24995;0512513705;132340198210816000;2020-05-15;15:37:01.082;;;;;;18006;132340198390876000;2020-05-15;15:37:19.088;;;;;;;;132000_0034387936;;;;;;EDI+EDI;;Accept;;132000;2500;;123;Departures;;;;;;;;;;;;
D01/00000D49459E0006;132340198506330332;2020-05-15;15:37:30.633;application/x-bolt;21289;0512513711;132340198257256000;2020-05-15;15:37:05.726;;;;;;18007;132340198437326000;2020-05-15;15:37:23.733;;;;;;;;132000_0034387937;;;;;;EDI+EDI;;Accept;;132000;2499;;123;Departures;;;;;;;;;;;;
D01/00000D4945A40007;132340198589934107;2020-05-15;15:37:38.993;application/x-bolt;25269;0512513707;132340198340996000;2020-05-15;15:37:14.100;;;;;;18007;132340198521066000;2020-05-15;15:37:32.107;;;;;;;;132000_0034387939;;;;;;EDI+EDI;;Accept;;132000;2484;;123;Departures;;;;;;;;;;;;
D01/00000D4945AB0007;132340198638967371;2020-05-15;15:37:43.897;application/x-bolt;25046;0523586267;132340198390096000;2020-05-15;15:37:19.010;;;;;;18006;132340198570156000;2020-05-15;15:37:37.016;;;;;;;;132000_0034387934;;;;;;EDI+EDI;;Accept;;132000;2479;;123;Departures;;;;;;;;;;;;
D01/00000D4945B20007;132340198865457219;2020-05-15;15:38:06.546;application/x-bolt;26354;0523408113;132340198616176000;2020-05-15;15:37:41.618;;;;;;18007;132340198796246000;2020-05-15;15:37:59.625;;;;;;;;132000_0034387938;;;;;;EDI+EDI;;Accept;;132000;2515;;123;Departures;;;;;;;;;;;;
D01/00000D4945B90006;132340198891049804;2020-05-15;15:38:09.105;application/x-bolt;23673;0512513714;132340198641916000;2020-05-15;15:37:44.192;;;;;;18007;132340198821986000;2020-05-15;15:38:02.199;;;;;;;;132000_0034387943;;;;;;EDI+EDI;;Accept;;132000;2497;;123;Departures;;;;;;;;;;;;
D01/00000D4945BF0007;132340198989416599;2020-05-15;15:38:18.942;application/x-bolt;25573;0512513712;132340198740266000;2020-05-15;15:37:54.027;;;;;;18006;132340198920326000;2020-05-15;15:38:12.033;;;;;;;;132000_0034387941;;;;;;EDI+EDI;;Accept;;132000;2537;;123;Departures;;;;;;;;;;;;
D01/00000D4945C60007;132340199019112803;2020-05-15;15:38:21.911;application/x-bolt;25913;0512513713;132340198770026000;2020-05-15;15:37:57.003;;;;;;18006;132340198950086000;2020-05-15;15:38:15.009;;;;;;;;132000_0034387942;;;;;;EDI+EDI;;Accept;;132000;2486;;123;Departures;;;;;;;;;;;;
D01/00000D4945CD0007;132340199066484605;2020-05-15;15:38:26.648;application/x-bolt;26472;0523505755;132340198817296000;2020-05-15;15:38:01.730;;;;;;18006;132340198997356000;2020-05-15;15:38:19.736;;;;;;;;132000_0034387940;;;;;;EDI+EDI;;Accept;;132000;2498;;123;Departures;;;;;;;;;;;;
D01/00000D4945D40007;132340199095860526;2020-05-15;15:38:29.586;application/x-bolt;25520;0512513716 / 0512785005 / 0512785216;132340198846766000;2020-05-15;15:38:04.677;;;;;;18007;132340199026836000;2020-05-15;15:38:22.684;;;;;;;;132000_0034387944;;;Multiple main barcodes detected;Camera05;03;EDI+EDI;;Accept;;132000;2494;;123;Departures;;;;;;;;;;;;
D01/00000D4945DB0007;132340199293054529;2020-05-15;15:38:49.305;application/x-bolt;25159;0950728530;132340199010400000;2020-05-15;15:38:21.040;;;;;;18007;132340199190470000;2020-05-15;15:38:39.047;;;;;;;;131900_0034387945;;;;;;EDI+EDI;;Accept;;131900;2504;;123;Departures;;;;;;;;;;;;
D01/00000D4945E20007;132340199391071021;2020-05-15;15:38:59.107;application/x-bolt;26386;0512513722 / 2712513717;132340199141806000;2020-05-15;15:38:34.181;;;;;;18007;132340199321876000;2020-05-15;15:38:52.188;;;;;;;;132000_0034387948;;;Multiple main barcodes detected;;;EDI+EDI;;Accept;;132000;2493;;123;Departures;;;;;;;;;;;;
D01/00000D4945F00007;132340199463655061;2020-05-15;15:39:06.366;application/x-bolt;25111;0950728529;132340199180950000;2020-05-15;15:38:38.095;;;;;;18008;132340199361030000;2020-05-15;15:38:56.103;;;;;;;;131900_0034387946;;;;Camera06;03;EDI+EDI;;Accept;;131900;2533;;123;Departures;;;;;;;;;;;;
D01/00000D4945E90007;132340199452184941;2020-05-15;15:39:05.218;application/x-bolt;25603;0512513719;132340199202396000;2020-05-15;15:38:40.240;;;;;;18061;132340199383006000;2020-05-15;15:38:58.301;;;;;;;;132000_0034387947;;;;;;EDI+EDI;;Accept;;132000;2496;;123;Departures;;;;;;;;;;;;
D01/00000D4945F70006;132340199486295039;2020-05-15;15:39:08.630;application/x-bolt;21081;0512513723;132340199237246000;2020-05-15;15:38:43.725;;;;;;18007;132340199417316000;2020-05-15;15:39:01.732;;;;;;;;132000_0034387950;;;;;;EDI+EDI;;Accept;;132000;2533;;123;Departures;;;;;;;;;;;;
D01/00000D4945FD0006;132340199602047179;2020-05-15;15:39:20.205;application/x-bolt;23473;0512513721;132340199353016000;2020-05-15;15:38:55.302;;;;;;18009;132340199533106000;2020-05-15;15:39:13.311;;;;;;;;132000_0034387951;;;;Camera02;11;EDI+EDI;;Accept;;132000;2389;;123;Departures;;;;;;;;;;;;
D01/00000D4946030007;132340199694939145;2020-05-15;15:39:29.494;application/x-bolt;26211;0950728531;132340199412260000;2020-05-15;15:39:01.226;;;;;;18008;132340199592340000;2020-05-15;15:39:19.234;;;;;;;;131900_0034387949;;;;;;EDI+EDI;;Accept;;131900;2514;;123;Departures;;;;;;;;;;;;
D01/00000D49460A0007;132340199713025104;2020-05-15;15:39:31.303;application/x-bolt;25554;0512513725;132340199463786000;2020-05-15;15:39:06.379;;;;;;18007;132340199643856000;2020-05-15;15:39:24.386;;;;;;;;132000_0034387952;;;;;;EDI+EDI;;Accept;;132000;2496;;123;Departures;;;;;;;;;;;;
D01/00000D4946110006;132340199739048067;2020-05-15;15:39:33.905;application/x-bolt;24016;0512513726;132340199489896000;2020-05-15;15:39:08.990;;;;;;18007;132340199669966000;2020-05-15;15:39:26.997;;;;;;;;132000_0034387954;;;;Camera03;08;EDI+EDI;;Accept;;132000;2506;;123;Departures;;;;;;;;;;;;
D01/00000D4946170006;132340199765961814;2020-05-15;15:39:36.596;application/x-bolt;23402;0512513724;132340199516716000;2020-05-15;15:39:11.672;;;;;;18006;132340199696776000;2020-05-15;15:39:29.678;;;;;;;;132000_0034387956;;;;Camera05;06;EDI+EDI;;Accept;;132000;2526;;123;Departures;;;;;;;;;;;;
D01/00000D49461D0006;132340199823862905;2020-05-15;15:39:42.386;application/x-bolt;23326;0512513731;132340199574666000;2020-05-15;15:39:17.467;;;;;;18007;132340199754736000;2020-05-15;15:39:35.474;;;;;;;;132000_0034387957;;;;Camera06;07;EDI+EDI;;Accept;;132000;2504;;123;Departures;;;;;;;;;;;;
D01/00000D4946230006;132340199910409273;2020-05-15;15:39:51.041;application/x-bolt;22227;0512513729;132340199661196000;2020-05-15;15:39:26.120;;;;;;18007;132340199841266000;2020-05-15;15:39:44.127;;;;;;;;132000_0034387953;;;;;;EDI+EDI;;Accept;;132000;2511;;123;Departures;;;;;;;;;;;;
D01/00000D4946290007;132340199941826993;2020-05-15;15:39:54.183;application/x-bolt;24453;0512513727;132340199692556000;2020-05-15;15:39:29.256;;;;;;18007;132340199872626000;2020-05-15;15:39:47.263;;;;;;;;132000_0034387955;;;;;;EDI+EDI;;Accept;;132000;2487;;123;Departures;;;;;;;;;;;;
D01/00000D4946300007;132340200041775195;2020-05-15;15:40:04.178;application/x-bolt;26264;0950728534;132340199758980000;2020-05-15;15:39:35.898;;;;;;18008;132340199939060000;2020-05-15;15:39:53.906;;;;;;;;131900_0034387958;;;;;;EDI+EDI;;Accept;;131900;3724;;123;Departures;;;;;;;;;;;;
D01/00000D4946370007;132340200115760468;2020-05-15;15:40:11.576;application/x-bolt;24932;0512513734 / 2712513734;132340199866496000;2020-05-15;15:39:46.650;;;;;;18007;132340200046566000;2020-05-15;15:40:04.657;;;;;;;;132000_0034387959;;;Multiple main barcodes detected;;;EDI+EDI;;Accept;;132000;2488;;123;Departures;;;;;;;;;;;;
D01/00000D49463E0006;132340200269376019;2020-05-15;15:40:26.938;application/x-bolt;22770;0512513737;132340200020116000;2020-05-15;15:40:02.012;;;;;;18008;132340200200196000;2020-05-15;15:40:20.020;;;;;;;;132000_0034387961;;;;Camera01;13;EDI+EDI;;Accept;;132000;2478;;123;Departures;;;;;;;;;;;;
D01/00000D4946440007;132340200376600632;2020-05-15;15:40:37.660;application/x-bolt;26024;0512513741;132340200126626000;2020-05-15;15:40:12.663;;;;;;18072;132340200307346000;2020-05-15;15:40:30.735;;;;;;;;132000_0034387964;;;;;;EDI+EDI;;Accept;;132000;2762;;123;Departures;;;;;;;;;;;;
D01/00000D49464B0007;132340200422671282;2020-05-15;15:40:42.267;application/x-bolt;24696;0235432975 / 0950728533;132340200139930000;2020-05-15;15:40:13.993;;;;;;18008;132340200320010000;2020-05-15;15:40:32.001;;;;;;;;131900_0034387960;;;Multiple main barcodes detected;Camera06;05;EDI+EDI;;Accept;;131900;2511;;123;Departures;;;;;;;;;;;;
D01/00000D4946520007;132340200470673636;2020-05-15;15:40:47.067;application/x-bolt;24338;0950728535;132340200187930000;2020-05-15;15:40:18.793;;;;;;18008;132340200368010000;2020-05-15;15:40:36.801;;;;;;;;131900_0034387962;;;;Camera03;06;EDI+EDI;;Accept;;131900;2487;;123;Departures;;;;;;;;;;;;
D01/00000D4946590007;132340200501590921;2020-05-15;15:40:50.159;application/x-bolt;24574;0512513732;132340200252396000;2020-05-15;15:40:25.240;;;;;;18007;132340200432466000;2020-05-15;15:40:43.247;;;;;;;;132000_0034387965;;;;;;EDI+EDI;;Accept;;132000;2497;;123;Departures;;;;;;;;;;;;
D01/00000D4946600006;132340200556719568;2020-05-15;15:40:55.672;application/x-bolt;24066;0950728536 / 5435095072;132340200273940000;2020-05-15;15:40:27.394;;;;;;18007;132340200454010000;2020-05-15;15:40:45.401;;;;;;;;131900_0034387963;;;Multiple main barcodes detected;Camera05;08;EDI+EDI;;Accept;;131900;2509;;123;Departures;;;;;;;;;;;;
D01/00000D4946660007;132340200641053983;2020-05-15;15:41:04.105;application/x-bolt;24669;0512513738;132340200392076000;2020-05-15;15:40:39.208;;;;;;18006;132340200572136000;2020-05-15;15:40:57.214;;;;;;;;132000_0034387966;;;;;;EDI+EDI;;Accept;;132000;2524;;123;Departures;;;;;;;;;;;;
D01/00000D49466D0006;132340200672631845;2020-05-15;15:41:07.263;application/x-bolt;23188;0512513717;132340200422326000;2020-05-15;15:40:42.233;;;;;;18106;132340200603386000;2020-05-15;15:41:00.339;;;;;;;;132000_0034387967;;;;;;EDI+EDI;;Accept;;132000;2508;;123;Departures;;;;;;;;;;;;
D01/00000D4946730006;132340200901543287;2020-05-15;15:41:30.154;application/x-bolt;21147;0512513740;132340200652226000;2020-05-15;15:41:05.223;;;;;;18007;132340200832296000;2020-05-15;15:41:23.230;;;;;;;;132000_0034387968;;;;;;EDI+EDI;;Accept;;132000;2508;;123;Departures;;;;;;;;;;;;
D01/00000D4946790006;132340201001087966;2020-05-15;15:41:40.109;application/x-bolt;23610;0512513744;132340200751776000;2020-05-15;15:41:15.178;;;;;;18007;132340200931846000;2020-05-15;15:41:33.185;;;;;;;;132000_0034387969;;;;Camera04;01;EDI+EDI;;Accept;;132000;2492;;123;Departures;;;;;;;;;;;;
D01/00000D49467F0006;132340201032064318;2020-05-15;15:41:43.206;application/x-bolt;22963;0512513746;132340200782806000;2020-05-15;15:41:18.281;;;;;;18007;132340200962876000;2020-05-15;15:41:36.288;;;;;;;;132000_0034387971;;;;Camera02;11;EDI+EDI;;Accept;;132000;2528;;123;Departures;;;;;;;;;;;;
D01/00000D4946850006;132340201267854900;2020-05-15;15:42:06.785;application/x-bolt;23823;0950728537;132340200985000000;2020-05-15;15:41:38.500;;;;;;18007;132340201165070000;2020-05-15;15:41:56.507;;;;;;;;131900_0034387970;;;;Camera02;08;EDI+EDI;;Accept;;131900;2501;;123;Departures;;;;;;;;;;;;
D01/00000D49468B0007;132340201286200511;2020-05-15;15:42:08.620;application/x-bolt;25316;0512513747;132340201036816000;2020-05-15;15:41:43.682;;;;;;18006;132340201216876000;2020-05-15;15:42:01.688;;;;;;;;132000_0034387974;;;;;;EDI+EDI;;Accept;;132000;2490;;123;Departures;;;;;;;;;;;;
D01/00000D4946920007;132340201353527781;2020-05-15;15:42:15.353;application/x-bolt;24227;0950728539;132340201070740000;2020-05-15;15:41:47.074;;;;;;18007;132340201250810000;2020-05-15;15:42:05.081;;;;;;;;131900_0034387973;;;;Camera06;06;EDI+EDI;;Accept;;131900;2484;;123;Departures;;;;;;;;;;;;
D01/00000D4946990007;132340201384414056;2020-05-15;15:42:18.441;application/x-bolt;24319;0950728538;132340201101390000;2020-05-15;15:41:50.139;;;;;;18036;132340201281750000;2020-05-15;15:42:08.175;;;;;;;;131900_0034387972;;;;Camera06;03;EDI+EDI;;Accept;;131900;2501;;123;Departures;;;;;;;;;;;;
D01/00000D4946A00006;132340201460078422;2020-05-15;15:42:26.008;application/x-bolt;23675;0512513748 / 0217745473 / 0512516253;132340201210866000;2020-05-15;15:42:01.087;;;;;;18006;132340201390926000;2020-05-15;15:42:19.093;;;;;;;;132000_0034387975;;;Multiple main barcodes detected;Camera06;01;EDI+EDI;;Accept;;132000;2497;;123;Departures;;;;;;;;;;;;
D01/00000D4946A60006;132340201551876511;2020-05-15;15:42:35.188;application/x-bolt;22910;0512513750 / 0235286320;132340201302666000;2020-05-15;15:42:10.267;;;;;;18007;132340201482736000;2020-05-15;15:42:28.274;;;;;;;;132000_0034387976;;;Multiple main barcodes detected;Camera02;09;EDI+EDI;;Accept;;132000;2525;;123;Departures;;;;;;;;;;;;
D01/00000D4946AC0006;132340201752567237;2020-05-15;15:42:55.257;application/x-bolt;23405;0512513751;132340201503276000;2020-05-15;15:42:30.328;;;;;;18007;132340201683346000;2020-05-15;15:42:48.335;;;;;;;;132000_0034387977;;;;Camera02;11;EDI+EDI;;Accept;;132000;2505;;123;Departures;;;;;;;;;;;;
D01/00000D4946B20007;132340201832885561;2020-05-15;15:43:03.289;application/x-bolt;24402;0512513754;132340201583666000;2020-05-15;15:42:38.367;;;;;;18006;132340201763726000;2020-05-15;15:42:56.373;;;;;;;;132000_0034387979;;;;;;EDI+EDI;;Accept;;132000;2520;;123;Departures;;;;;;;;;;;;
D01/00000D4946B90006;132340201864622557;2020-05-15;15:43:06.462;application/x-bolt;23478;0512513753 / 0235286309;132340201615306000;2020-05-15;15:42:41.531;;;;;;18006;132340201795366000;2020-05-15;15:42:59.537;;;;;;;;132000_0034387978;;;Multiple main barcodes detected;Camera03;10;EDI+EDI;;Accept;;132000;2521;;123;Departures;;;;;;;;;;;;
D01/00000D4946BF0006;132340202040161888;2020-05-15;15:43:24.016;application/x-bolt;22433;0512513755;132340201791106000;2020-05-15;15:42:59.111;;;;;;18006;132340201971166000;2020-05-15;15:43:17.117;;;;;;;;132000_0034387982;;;;Camera03;05;EDI+EDI;;Accept;;132000;2477;;123;Departures;;;;;;;;;;;;
D01/00000D4946C50007;132340202130879059;2020-05-15;15:43:33.088;application/x-bolt;24978;0950728541;132340201847970000;2020-05-15;15:43:04.797;;;;;;18008;132340202028050000;2020-05-15;15:43:22.805;;;;;;;;131900_0034387981;;;;Camera06;03;EDI+EDI;;Accept;;131900;2900;;123;Departures;;;;;;;;;;;;
D01/00000D4946CC0007;132340202161775338;2020-05-15;15:43:36.178;application/x-bolt;25125;0950728540;132340201879010000;2020-05-15;15:43:07.901;;;;;;18008;132340202059090000;2020-05-15;15:43:25.909;;;;;;;;131900_0034387980;;;;;;EDI+EDI;;Accept;;131900;2558;;123;Departures;;;;;;;;;;;;
D01/00000D4946D30006;132340202311672857;2020-05-15;15:43:51.167;application/x-bolt;23694;0512513756;132340202062586000;2020-05-15;15:43:26.259;;;;;;18007;132340202242656000;2020-05-15;15:43:44.266;;;;;;;;132000_0034387983;;;;Camera03;05;EDI+EDI;;Accept;;132000;2476;;123;Departures;;;;;;;;;;;;
D01/00000D4946D90007;132340202338525703;2020-05-15;15:43:53.853;application/x-bolt;26193;0512513758;132340202089226000;2020-05-15;15:43:28.923;;;;;;18007;132340202269296000;2020-05-15;15:43:46.930;;;;;;;;132000_0034387984;;;;;;EDI+EDI;;Accept;;132000;2525;;123;Departures;;;;;;;;;;;;
D01/00000D4946E00007;132340202365398560;2020-05-15;15:43:56.540;application/x-bolt;26750;0512513760;132340202116136000;2020-05-15;15:43:31.614;;;;;;18007;132340202296206000;2020-05-15;15:43:49.621;;;;;;;;132000_0034387985;;;;;;EDI+EDI;;Accept;;132000;2527;;123;Departures;;;;;;;;;;;;
D01/00000D4946E70007;132340202608795614;2020-05-15;15:44:20.880;application/x-bolt;24322;0512513759;132340202359496000;2020-05-15;15:43:55.950;;;;;;18007;132340202539566000;2020-05-15;15:44:13.957;;;;;;;;132000_0034387986;;;;;;EDI+EDI;;Accept;;132000;2488;;123;Departures;;;;;;;;;;;;
D01/00000D4946EE0007;132340203041623809;2020-05-15;15:45:04.162;application/x-bolt;24232;0512513764;132340202792296000;2020-05-15;15:44:39.230;;;;;;18007;132340202972366000;2020-05-15;15:44:57.237;;;;;;;;132000_0034387987;;;;;;EDI+EDI;;Accept;;132000;2469;;123;Departures;;;;;;;;;;;;
D01/00000D4946F50007;132340203082358462;2020-05-15;15:45:08.236;application/x-bolt;25689;0950728544;132340202799410000;2020-05-15;15:44:39.941;;;;;;18008;132340202979490000;2020-05-15;15:44:57.949;;;;;;;;131900_0034387988;;;;;;EDI+EDI;;Accept;;131900;2480;;123;Departures;;;;;;;;;;;;
D01/00000D4946FC0007;132340203434147724;2020-05-15;15:45:43.415;application/x-bolt;25218;0512513767 / 0235672996 / 0235430392;132340203184706000;2020-05-15;15:45:18.471;;;;;;18008;132340203364786000;2020-05-15;15:45:36.479;;;;;;;;132000_0034387990;;;Multiple main barcodes detected;;;EDI+EDI;;Accept;;132000;2418;;123;Departures;;;;;;;;;;;;
D01/00000D4947030006;132340203551797805;2020-05-15;15:45:55.180;application/x-bolt;24057;0950728546;132340203268830000;2020-05-15;15:45:26.883;;;;;;18008;132340203448910000;2020-05-15;15:45:44.891;;;;;;;;131900_0034387989;;;;Camera06;06;EDI+EDI;;Accept;;131900;2532;;123;Departures;;;;;;;;;;;;
D01/00000D4947090007;132340203919309757;2020-05-15;15:46:31.931;application/x-bolt;26249;0950728542;132340203636310000;2020-05-15;15:46:03.631;;;;;;18008;132340203816390000;2020-05-15;15:46:21.639;;;;;;;;131900_0034387991;;;;;;EDI+EDI;;Accept;;131900;2495;;123;Departures;;;;;;;;;;;;
D01/00000D4947100006;132340203952667485;2020-05-15;15:46:35.267;application/x-bolt;21440;0512513765;132340203703266000;2020-05-15;15:46:10.327;;;;;;18008;132340203883346000;2020-05-15;15:46:28.335;;;;;;;;132000_0034387992;;;;;;EDI+EDI;;Accept;;132000;2370;;123;Departures;;;;;;;;;;;;
D01/00000D4947160006;132340203978999367;2020-05-15;15:46:37.900;application/x-bolt;23937;0512513772;132340203729606000;2020-05-15;15:46:12.961;;;;;;18006;132340203909666000;2020-05-15;15:46:30.967;;;;;;;;132000_0034387993;;;;;;EDI+EDI;;Accept;;132000;2378;;123;Departures;;;;;;;;;;;;
D01/00000D49471C0007;132340204004770788;2020-05-15;15:46:40.477;application/x-bolt;26391;0512513768;132340203755436000;2020-05-15;15:46:15.544;;;;;;18007;132340203935506000;2020-05-15;15:46:33.551;;;;;;;;132000_0034387994;;;;;;EDI+EDI;;Accept;;132000;2404;;123;Departures;;;;;;;;;;;;
D01/00000D4947290007;132340204088300219;2020-05-15;15:46:48.830;application/x-bolt;24556;0950728543;132340203805350000;2020-05-15;15:46:20.535;;;;;;18008;132340203985430000;2020-05-15;15:46:38.543;;;;;;;;131900_0034387995;;;;Camera06;04;EDI+EDI;;Accept;;131900;2498;;123;Departures;;;;;;;;;;;;
D01/00000D4947230006;132340204078001657;2020-05-15;15:46:47.800;application/x-bolt;23585;0512513770;132340203828736000;2020-05-15;15:46:22.874;;;;;;18006;132340204008796000;2020-05-15;15:46:40.880;;;;;;;;132000_0034388001;;;;Camera04;03;EDI+EDI;;Accept;;132000;4539;;123;Departures;;;;;;;;;;;;
D01/00000D4947300007;132340204154184981;2020-05-15;15:46:55.418;application/x-bolt;24256;0512513776 / 0151648029;132340203904976000;2020-05-15;15:46:30.498;;;;;;18006;132340204085036000;2020-05-15;15:46:48.504;;;;;;;;132000_0034387996;;;Multiple main barcodes detected;Camera05;01;EDI+EDI;;Accept;;132000;2428;;123;Departures;;;;;;;;;;;;
D01/00000D4947370007;132340204350748358;2020-05-15;15:47:15.075;application/x-bolt;24254;0950728547;132340204067790000;2020-05-15;15:46:46.779;;;;;;18007;132340204247860000;2020-05-15;15:47:04.786;;;;;;;;131900_0034387998;;;;Camera05;05;EDI+EDI;;Accept;;131900;2569;;123;Departures;;;;;;;;;;;;
D01/00000D49473E0007;132340204544119081;2020-05-15;15:47:34.412;application/x-bolt;25747;0512513779;132340204294636000;2020-05-15;15:47:09.464;;;;;;18007;132340204474706000;2020-05-15;15:47:27.471;;;;;;;;132000_0034388002;;;;;;EDI+EDI;;Accept;;132000;2377;;123;Departures;;;;;;;;;;;;
D01/00000D4947450007;132340204659194727;2020-05-15;15:47:45.919;application/x-bolt;24814;0512513781;132340204409926000;2020-05-15;15:47:20.993;;;;;;18007;132340204589996000;2020-05-15;15:47:39.000;;;;;;;;132000_0034388003;;;;;;EDI+EDI;;Accept;;132000;2394;;123;Departures;;;;;;;;;;;;
D01/00000D49474C0007;132340204858730575;2020-05-15;15:48:05.873;application/x-bolt;24182;0512513784;132340204609376000;2020-05-15;15:47:40.938;;;;;;18013;132340204789506000;2020-05-15;15:47:58.951;;;;;;;;132000_0034388005;;;;;;EDI+EDI;;Accept;;132000;2405;;123;Departures;;;;;;;;;;;;
D01/00000D4947530007;132340204945532721;2020-05-15;15:48:14.553;application/x-bolt;26485;0950728548;132340204662640000;2020-05-15;15:47:46.264;;;;;;18008;132340204842720000;2020-05-15;15:48:04.272;;;;;;;;131900_0034388004;;;;;;EDI+EDI;;Accept;;131900;2516;;123;Departures;;;;;;;;;;;;
D01/00000D49475A0006;132340204992221532;2020-05-15;15:48:19.222;application/x-bolt;21494;0512513783;132340204742956000;2020-05-15;15:47:54.296;;;;;;18006;132340204923016000;2020-05-15;15:48:12.302;;;;;;;;132000_0034388007;;;;;;EDI+EDI;;Accept;;132000;2451;;123;Departures;;;;;;;;;;;;
D01/00000D4947600007;132340205112971895;2020-05-15;15:48:31.297;application/x-bolt;25955;0950728545;132340204830070000;2020-05-15;15:48:03.007;;;;;;18011;132340205010180000;2020-05-15;15:48:21.018;;;;;;;;131900_0034388006;;;;;;EDI+EDI;;Accept;;131900;2510;;123;Departures;;;;;;;;;;;;
D01/00000D4947670007;132340205318392631;2020-05-15;15:48:51.839;application/x-bolt;25224;0512513771;132340205068916000;2020-05-15;15:48:26.892;;;;;;18008;132340205248996000;2020-05-15;15:48:44.900;;;;;;;;132000_0034388016;;;;;;EDI+EDI;;Accept;;132000;2381;;123;Departures;;;;;;;;;;;;
D01/00000D4947750007;132340205464013668;2020-05-15;15:49:06.401;application/x-bolt;26228;0950728551;132340205181100000;2020-05-15;15:48:38.110;;;;;;18007;132340205361170000;2020-05-15;15:48:56.117;;;;;;;;131900_0034388009;;;;;;EDI+EDI;;Accept;;131900;2510;;123;Departures;;;;;;;;;;;;
D01/00000D49476E0007;132340205450822703;2020-05-15;15:49:05.082;application/x-bolt;25902;0512513788;132340205201476000;2020-05-15;15:48:40.148;;;;;;18006;132340205381536000;2020-05-15;15:48:58.154;;;;;;;;132000_0034388012;;;;;;EDI+EDI;;Accept;;132000;2402;;123;Departures;;;;;;;;;;;;
D01/00000D4947820007;132340205495039453;2020-05-15;15:49:09.504;application/x-bolt;26201;0950728550;132340205211980000;2020-05-15;15:48:41.198;;;;;;18012;132340205392100000;2020-05-15;15:48:59.210;;;;;;;;131900_0034388008;;;;;;EDI+EDI;;Accept;;131900;2493;;123;Departures;;;;;;;;;;;;
D01/00000D49477C0006;132340205482148739;2020-05-15;15:49:08.215;application/x-bolt;22929;0512513786;132340205232806000;2020-05-15;15:48:43.281;;;;;;18006;132340205412866000;2020-05-15;15:49:01.287;;;;;;;;132000_0034388011;;;;Camera05;03;EDI+EDI;;Accept;;132000;2409;;123;Departures;;;;;;;;;;;;
D01/00000D4947890007;132340205516217058;2020-05-15;15:49:11.622;application/x-bolt;25101;0512513787;132340205267136000;2020-05-15;15:48:46.714;;;;;;18006;132340205447196000;2020-05-15;15:49:04.720;;;;;;;;132000_0034388014;;;;;;EDI+EDI;;Accept;;132000;2423;;123;Departures;;;;;;;;;;;;
D01/00000D4947900007;132340205661968200;2020-05-15;15:49:26.197;application/x-bolt;25811;0950728549;132340205378970000;2020-05-15;15:48:57.897;;;;;;18013;132340205559100000;2020-05-15;15:49:15.910;;;;;;;;131900_0034388013;;;;;;EDI+EDI;;Accept;;131900;2523;;123;Departures;;;;;;;;;;;;
D01/00000D4947970007;132340205693244197;2020-05-15;15:49:29.324;application/x-bolt;24972;0950728552;132340205410170000;2020-05-15;15:49:01.017;;;;;;18018;132340205590350000;2020-05-15;15:49:19.035;;;;;;;;131900_0034388015;;;;Camera06;03;EDI+EDI;;Accept;;131900;2525;;123;Departures;;;;;;;;;;;;
D01/00000D49479E0007;132340205819439086;2020-05-15;15:49:41.944;application/x-bolt;24528;0512513773;132340205570046000;2020-05-15;15:49:17.005;;;;;;18006;132340205750106000;2020-05-15;15:49:35.011;;;;;;;;132000_0034388017;;;;;;EDI+EDI;;Accept;;132000;2404;;123;Departures;;;;;;;;;;;;
D01/00000D4947A50007;132340205875405604;2020-05-15;15:49:47.541;application/x-bolt;25245;0512513735;132340205626056000;2020-05-15;15:49:22.606;;;;;;18007;132340205806126000;2020-05-15;15:49:40.613;;;;;;;;132000_0034388018;;;;;;EDI+EDI;;Accept;;132000;2392;;123;Departures;;;;;;;;;;;;
D01/00000D4947AC0006;132340206113163218;2020-05-15;15:50:11.316;application/x-bolt;22539;0512513793;132340205863776000;2020-05-15;15:49:46.378;;;;;;18008;132340206043856000;2020-05-15;15:50:04.386;;;;;;;;132000_0034388019;;;;Camera03;07;EDI+EDI;;Accept;;132000;2406;;123;Departures;;;;;;;;;;;;
D01/00000D4947B20007;132340206380265225;2020-05-15;15:50:38.027;application/x-bolt;24443;0512513789;132340206130726000;2020-05-15;15:50:13.073;;;;;;18006;132340206310786000;2020-05-15;15:50:31.079;;;;;;;;132000_0034388020;;;;Camera03;06;EDI+EDI;;Accept;;132000;2400;;123;Departures;;;;;;;;;;;;
D01/00000D4947B90007;132340206441175853;2020-05-15;15:50:44.118;application/x-bolt;27609;0512513791;132340206191006000;2020-05-15;15:50:19.101;;;;;;18083;132340206371836000;2020-05-15;15:50:37.184;;;;;;;;132000_0034388021;;;;;;EDI+EDI;;Accept;;132000;2404;;123;Departures;;;;;;;;;;;;
D01/00000D4947C00007;132340206551277365;2020-05-15;15:50:55.128;application/x-bolt;25219;0950728554;132340206268230000;2020-05-15;15:50:26.823;;;;;;18007;132340206448300000;2020-05-15;15:50:44.830;;;;;;;;131900_0034388022;;;;;;EDI+EDI;;Accept;;131900;2529;;123;Departures;;;;;;;;;;;;
D01/00000D4947C70006;132340206603290599;2020-05-15;15:51:00.329;application/x-bolt;21346;0512513795;132340206354036000;2020-05-15;15:50:35.404;;;;;;18009;132340206534126000;2020-05-15;15:50:53.413;;;;;;;;132000_0034388024;;;;;;EDI+EDI;;Accept;;132000;2454;;123;Departures;;;;;;;;;;;;
D01/00000D4947CD0007;132340206718616452;2020-05-15;15:51:11.862;application/x-bolt;25321;0950728556;132340206435650000;2020-05-15;15:50:43.565;;;;;;18007;132340206615720000;2020-05-15;15:51:01.572;;;;;;;;131900_0034388023;;;;Camera06;03;EDI+EDI;;Accept;;131900;2505;;123;Departures;;;;;;;;;;;;
D01/00000D4947D40006;132340206868390942;2020-05-15;15:51:26.839;application/x-bolt;23684;0950728558;132340206585430000;2020-05-15;15:50:58.543;;;;;;18008;132340206765510000;2020-05-15;15:51:16.551;;;;;;;;131900_0034388025;;;;Camera02;06;EDI+EDI;;Accept;;131900;2536;;123;Departures;;;;;;;;;;;;
D01/00000D4947E00007;132340206925328266;2020-05-15;15:51:32.533;application/x-bolt;25627;0950728555;132340206642350000;2020-05-15;15:51:04.235;;;;;;18007;132340206822420000;2020-05-15;15:51:22.242;;;;;;;;131900_0034388026;;;;Camera05;06;EDI+EDI;;Accept;;131900;2543;;123;Departures;;;;;;;;;;;;
D01/00000D4947DA0006;132340206920744457;2020-05-15;15:51:32.074;application/x-bolt;24082;0512513796;132340206671376000;2020-05-15;15:51:07.138;;;;;;18006;132340206851436000;2020-05-15;15:51:25.144;;;;;;;;132000_0034388029;;;;Camera03;07;EDI+EDI;;Accept;;132000;2445;;123;Departures;;;;;;;;;;;;
D01/00000D4947ED0007;132340207124533839;2020-05-15;15:51:52.453;application/x-bolt;26254;0950728553;132340206841610000;2020-05-15;15:51:24.161;;;;;;18008;132340207021690000;2020-05-15;15:51:42.169;;;;;;;;131900_0034388028;;;;;;EDI+EDI;;Accept;;131900;2568;;123;Departures;;;;;;;;;;;;
D01/00000D4947E70006;132340207091666524;2020-05-15;15:51:49.167;application/x-bolt;22426;0512513801;132340206842276000;2020-05-15;15:51:24.228;;;;;;18007;132340207022346000;2020-05-15;15:51:42.235;;;;;;;;132000_0034388030;;;;Camera02;08;EDI+EDI;;Accept;;132000;3197;;123;Departures;;;;;;;;;;;;
D01/00000D4947F40007;132340207321117232;2020-05-15;15:52:12.112;application/x-bolt;24663;0512513802;132340207071716000;2020-05-15;15:51:47.172;;;;;;18008;132340207251796000;2020-05-15;15:52:05.180;;;;;;;;132000_0034388032;;;;;;EDI+EDI;;Accept;;132000;2467;;123;Departures;;;;;;;;;;;;
D01/00000D4948020006;132340207556943247;2020-05-15;15:52:35.694;application/x-bolt;22277;0950728559;132340207273900000;2020-05-15;15:52:07.390;;;;;;18007;132340207453970000;2020-05-15;15:52:25.397;;;;;;;;131900_0034388031;;;;;;EDI+EDI;;Accept;;131900;2543;;123;Departures;;;;;;;;;;;;
D01/00000D4947FB0007;132340207547895726;2020-05-15;15:52:34.790;application/x-bolt;26222;0512513803;132340207298366000;2020-05-15;15:52:09.837;;;;;;18007;132340207478436000;2020-05-15;15:52:27.844;;;;;;;;132000_0034388035;;;;;;EDI+EDI;;Accept;;132000;2405;;123;Departures;;;;;;;;;;;;
D01/00000D49480E0007;132340207755838561;2020-05-15;15:52:55.584;application/x-bolt;25946;0950728560;132340207472780000;2020-05-15;15:52:27.278;;;;;;18008;132340207652860000;2020-05-15;15:52:45.286;;;;;;;;131900_0034388034;;;;Camera05;03;EDI+EDI;;Accept;;131900;2571;;123;Departures;;;;;;;;;;;;
D01/00000D4948080006;132340207753596698;2020-05-15;15:52:55.360;application/x-bolt;23424;0512513805;132340207504166000;2020-05-15;15:52:30.417;;;;;;18007;132340207684236000;2020-05-15;15:52:48.424;;;;;;;;132000_0034388036;;;;Camera03;08;EDI+EDI;;Accept;;132000;2429;;123;Departures;;;;;;;;;;;;
D01/00000D4948150006;132340208210036073;2020-05-15;15:53:41.004;application/x-bolt;22755;0512513807;132340207960576000;2020-05-15;15:53:16.058;;;;;;18009;132340208140666000;2020-05-15;15:53:34.067;;;;;;;;132000_0034388037;;;;Camera02;11;EDI+EDI;;Accept;;132000;2376;;123;Departures;;;;;;;;;;;;
D01/00000D49481B0007;132340208332607956;2020-05-15;15:53:53.261;application/x-bolt;25760;0512513808;132340208083196000;2020-05-15;15:53:28.320;;;;;;18007;132340208263266000;2020-05-15;15:53:46.327;;;;;;;;132000_0034388041;;;;;;EDI+EDI;;Accept;;132000;2375;;123;Departures;;;;;;;;;;;;
D01/00000D4948220006;132340208420551050;2020-05-15;15:54:02.055;application/x-bolt;22748;0950728562;132340208137510000;2020-05-15;15:53:33.751;;;;;;18007;132340208317580000;2020-05-15;15:53:51.758;;;;;;;;131900_0034388039;;;;;;EDI+EDI;;Accept;;131900;2588;;123;Departures;;;;;;;;;;;;
D01/00000D4948280007;132340208449505117;2020-05-15;15:54:04.951;application/x-bolt;24403;0950728561;132340208166630000;2020-05-15;15:53:36.663;;;;;;18007;132340208346700000;2020-05-15;15:53:54.670;;;;;;;;131900_0034388038;;;;Camera06;06;EDI+EDI;;Accept;;131900;2571;;123;Departures;;;;;;;;;;;;
D01/00000D49482F0007;132340208506312331;2020-05-15;15:54:10.631;application/x-bolt;24448;0950728563;132340208223270000;2020-05-15;15:53:42.327;;;;;;18007;132340208403340000;2020-05-15;15:54:00.334;;;;;;;;131900_0034388040;;;;Camera06;04;EDI+EDI;;Accept;;131900;2581;;123;Departures;;;;;;;;;;;;
D01/00000D4948360006;132340208933827671;2020-05-15;15:54:53.383;application/x-bolt;23764;0950728564;132340208650770000;2020-05-15;15:54:25.077;;;;;;18007;132340208830840000;2020-05-15;15:54:43.084;;;;;;;;131900_0034388043;;;;Camera06;04;EDI+EDI;;Accept;;131900;2569;;123;Departures;;;;;;;;;;;;
D01/00000D4948420007;132340209019068518;2020-05-15;15:55:01.907;application/x-bolt;25733;0950728565;132340208736080000;2020-05-15;15:54:33.608;;;;;;18007;132340208916150000;2020-05-15;15:54:51.615;;;;;;;;131900_0034388044;;;;Camera06;03;EDI+EDI;;Accept;;131900;2601;;123;Departures;;;;;;;;;;;;
D01/00000D49483C0006;132340208988973503;2020-05-15;15:54:58.897;application/x-bolt;23062;0512513810;132340208739516000;2020-05-15;15:54:33.952;;;;;;18007;132340208919586000;2020-05-15;15:54:51.959;;;;;;;;132000_0034388045;;;;Camera03;09;EDI+EDI;;Accept;;132000;2341;;123;Departures;;;;;;;;;;;;
D01/00000D4948490007;132340209515381038;2020-05-15;15:55:51.538;application/x-bolt;25435;0950728569;132340209232300000;2020-05-15;15:55:23.230;;;;;;18007;132340209412370000;2020-05-15;15:55:41.237;;;;;;;;131900_0034388047;;;;Camera06;03;EDI+EDI;;Accept;;131900;2542;;123;Departures;;;;;;;;;;;;
D01/00000D4948500006;132340209578073146;2020-05-15;15:55:57.807;application/x-bolt;22435;0950728570;132340209295090000;2020-05-15;15:55:29.509;;;;;;18007;132340209475160000;2020-05-15;15:55:47.516;;;;;;;;131900_0034388046;;;;;;EDI+EDI;;Accept;;131900;2556;;123;Departures;;;;;;;;;;;;
D01/00000D4948560006;132340209735514004;2020-05-15;15:56:13.551;application/x-bolt;23461;0512513816;132340209485526000;2020-05-15;15:55:48.553;;;;;;18009;132340209665616000;2020-05-15;15:56:06.562;;;;;;;;132000_0034388049;;;;;;EDI+EDI;;Accept;;132000;2331;;123;Departures;;;;;;;;;;;;
D01/00000D49485C0007;132340209845425389;2020-05-15;15:56:24.543;application/x-bolt;25948;0512513819;132340209596016000;2020-05-15;15:55:59.602;;;;;;18006;132340209776076000;2020-05-15;15:56:17.608;;;;;;;;132000_0034388051;;;;;;EDI+EDI;;Accept;;132000;2337;;123;Departures;;;;;;;;;;;;
D01/00000D4948630007;132340209916103906;2020-05-15;15:56:31.610;application/x-bolt;24647;0950728571;132340209633050000;2020-05-15;15:56:03.305;;;;;;18007;132340209813120000;2020-05-15;15:56:21.312;;;;;;;;131900_0034388048;;;;Camera06;03;EDI+EDI;;Accept;;131900;2564;;123;Departures;;;;;;;;;;;;
D01/00000D49486A0007;132340209924250626;2020-05-15;15:56:32.425;application/x-bolt;25066;0512513814;132340209674706000;2020-05-15;15:56:07.471;;;;;;18008;132340209854786000;2020-05-15;15:56:25.479;;;;;;;;132000_0034388050;;;;;;EDI+EDI;;Accept;;132000;2478;;123;Departures;;;;;;;;;;;;
D01/00000D4948710007;132340210102417582;2020-05-15;15:56:50.242;application/x-bolt;24479;0512513817 / 0512516243;132340209853006000;2020-05-15;15:56:25.301;;;;;;18007;132340210033076000;2020-05-15;15:56:43.308;;;;;;;;132000_0034388053;;;Multiple main barcodes detected;;;EDI+EDI;;Accept;;132000;2334;;123;Departures;;;;;;;;;;;;
D01/00000D4948780007;132340210256834947;2020-05-15;15:57:05.683;application/x-bolt;25939;0950728573;132340209973780000;2020-05-15;15:56:37.378;;;;;;18007;132340210153850000;2020-05-15;15:56:55.385;;;;;;;;131900_0034388060;;;;;;EDI+EDI;;Accept;;131900;2539;;123;Departures;;;;;;;;;;;;
D01/00000D4948860007;132340210349931737;2020-05-15;15:57:14.993;application/x-bolt;25747;0950728572;132340210066820000;2020-05-15;15:56:46.682;;;;;;18010;132340210246920000;2020-05-15;15:57:04.692;;;;;;;;131900_0034388054;;;;;;EDI+EDI;;Accept;;131900;2540;;123;Departures;;;;;;;;;;;;
D01/00000D49487F0007;132340210332597442;2020-05-15;15:57:13.260;application/x-bolt;26560;0512513822;132340210083066000;2020-05-15;15:56:48.307;;;;;;18006;132340210263126000;2020-05-15;15:57:06.313;;;;;;;;132000_0034388058;;;;;;EDI+EDI;;Accept;;132000;2335;;123;Departures;;;;;;;;;;;;
D01/00000D49488D0007;132340210368597132;2020-05-15;15:57:16.860;application/x-bolt;25756;0512513823;132340210119186000;2020-05-15;15:56:51.919;;;;;;18007;132340210299256000;2020-05-15;15:57:09.926;;;;;;;;132000_0034388057;;;;;;EDI+EDI;;Accept;;132000;2352;;123;Departures;;;;;;;;;;;;
D01/00000D4948940007;132340210405497569;2020-05-15;15:57:20.550;application/x-bolt;25794;0465698997 / 0950728575;132340210122460000;2020-05-15;15:56:52.246;;;;;;18008;132340210302540000;2020-05-15;15:57:10.254;;;;;;;;131900_0034388056;;;Multiple main barcodes detected;;;EDI+EDI;;Accept;;131900;2512;;123;Departures;;;;;;;;;;;;
D01/00000D49489B0007;132340210436162863;2020-05-15;15:57:23.616;application/x-bolt;25259;0950728574;132340210152850000;2020-05-15;15:56:55.285;;;;;;18042;132340210333270000;2020-05-15;15:57:13.327;;;;;;;;131900_0034388055;;;;Camera03;12;EDI+EDI;;Accept;;131900;2548;;123;Departures;;;;;;;;;;;;
D01/00000D4948A20006;132340210761691369;2020-05-15;15:57:56.169;application/x-bolt;22830;0512513827;132340210512296000;2020-05-15;15:57:31.230;;;;;;18006;132340210692356000;2020-05-15;15:57:49.236;;;;;;;;132000_0034388061;;;;Camera01;10;EDI+EDI;;Accept;;132000;2353;;123;Departures;;;;;;;;;;;;
D01/00000D4948A80007;132340210996374942;2020-05-15;15:58:19.637;application/x-bolt;24545;0950728576;132340210713300000;2020-05-15;15:57:51.330;;;;;;18008;132340210893380000;2020-05-15;15:58:09.338;;;;;;;;131900_0034388065;;;;Camera05;05;EDI+EDI;;Accept;;131900;2545;;123;Departures;;;;;;;;;;;;
D01/00000D4948AF0007;132340211026179524;2020-05-15;15:58:22.618;application/x-bolt;24610;0950728577;132340210743220000;2020-05-15;15:57:54.322;;;;;;18008;132340210923300000;2020-05-15;15:58:12.330;;;;;;;;131900_0034388062;;;;Camera06;04;EDI+EDI;;Accept;;131900;2549;;123;Departures;;;;;;;;;;;;
D01/00000D4948B60006;132340211061018260;2020-05-15;15:58:26.102;application/x-bolt;23671;0950728578;132340210778030000;2020-05-15;15:57:57.803;;;;;;18009;132340210958120000;2020-05-15;15:58:15.812;;;;;;;;131900_0034388063;;;;Camera03;12;EDI+EDI;;Accept;;131900;2580;;123;Departures;;;;;;;;;;;;
D01/00000D4948BC0007;132340211819253673;2020-05-15;15:59:41.925;application/x-bolt;25986;0512513837;132340211569746000;2020-05-15;15:59:16.975;;;;;;18007;132340211749816000;2020-05-15;15:59:34.982;;;;;;;;132000_0034388066;;;;;;EDI+EDI;;Accept;;132000;2312;;123;Departures;;;;;;;;;;;;
D01/00000D4948C30006;132340212020239455;2020-05-15;16:00:02.024;application/x-bolt;23272;0512513839;132340211770766000;2020-05-15;15:59:37.077;;;;;;18007;132340211950836000;2020-05-15;15:59:55.084;;;;;;;;132000_0034388067;;;;Camera04;07;EDI+EDI;;Accept;;132000;2300;;123;Departures;;;;;;;;;;;;
D01/00000D4948C90007;132340212182473269;2020-05-15;16:00:18.247;application/x-bolt;25241;0950728579;132340211899390000;2020-05-15;15:59:49.939;;;;;;18007;132340212079460000;2020-05-15;16:00:07.946;;;;;;;;131900_0034388068;;;;Camera06;03;EDI+EDI;;Accept;;131900;2519;;123;Departures;;;;;;;;;;;;
D01/00000D4948D00007;132340212497212875;2020-05-15;16:00:49.721;application/x-bolt;25829;0950728582;132340212214070000;2020-05-15;16:00:21.407;;;;;;18007;132340212394140000;2020-05-15;16:00:39.414;;;;;;;;131900_0034388069;;;;Camera06;04;EDI+EDI;;Accept;;131900;2549;;123;Departures;;;;;;;;;;;;
D01/00000D4948D70007;132340212679693389;2020-05-15;16:01:07.969;application/x-bolt;25826;0512513841 / 0235948349;132340212430276000;2020-05-15;16:00:43.028;;;;;;18006;132340212610336000;2020-05-15;16:01:01.034;;;;;;;;132000_0034388070;;;Multiple main barcodes detected;;;EDI+EDI;;Accept;;132000;4390;;123;Departures;;;;;;;;;;;;
D01/00000D4948DE0007;132340212781557408;2020-05-15;16:01:18.156;application/x-bolt;24556;0950728581;132340212498560000;2020-05-15;16:00:49.856;;;;;;18008;132340212678640000;2020-05-15;16:01:07.864;;;;;;;;131900_0034388071;;;;;;EDI+EDI;;Accept;;131900;2491;;123;Departures;;;;;;;;;;;;
D01/00000D4948E50007;132340212813533786;2020-05-15;16:01:21.353;application/x-bolt;25948;0950728583;132340212530360000;2020-05-15;16:00:53.036;;;;;;18019;132340212710550000;2020-05-15;16:01:11.055;;;;;;;;131900_0034388072;;;;;;EDI+EDI;;Accept;;131900;2516;;123;Departures;;;;;;;;;;;;
D01/00000D4948EC0007;132340212931060726;2020-05-15;16:01:33.106;application/x-bolt;24179;0950728580;132340212648050000;2020-05-15;16:01:04.805;;;;;;18008;132340212828130000;2020-05-15;16:01:22.813;;;;;;;;131900_0034388073;;;;Camera06;04;EDI+EDI;;Accept;;131900;2857;;123;Departures;;;;;;;;;;;;
D01/00000D4948F30007;132340213189513906;2020-05-15;16:01:58.951;application/x-bolt;27660;0950728584;132340212906410000;2020-05-15;16:01:30.641;;;;;;18009;132340213086500000;2020-05-15;16:01:48.650;;;;;;;;131900_0034388074;;;;;;EDI+EDI;;Accept;;131900;2539;;123;Departures;;;;;;;;;;;;
D01/00000D4948FA0007;132340213300295278;2020-05-15;16:02:10.030;application/x-bolt;24589;0950728585;132340213017140000;2020-05-15;16:01:41.714;;;;;;18007;132340213197210000;2020-05-15;16:01:59.721;;;;;;;;131900_0034388075;;;;;;EDI+EDI;;Accept;;131900;2526;;123;Departures;;;;;;;;;;;;
D01/00000D4949010006;132340213524770433;2020-05-15;16:02:32.477;application/x-bolt;23317;0512513830;132340213275366000;2020-05-15;16:02:07.537;;;;;;18007;132340213455436000;2020-05-15;16:02:25.544;;;;;;;;132000_0034388077;;;;Camera02;05;EDI+EDI;;Accept;;132000;2294;;123;Departures;;;;;;;;;;;;
D01/00000D4949070007;132340213607248463;2020-05-15;16:02:40.725;application/x-bolt;25629;0512513846;132340213357746000;2020-05-15;16:02:15.775;;;;;;18007;132340213537816000;2020-05-15;16:02:33.782;;;;;;;;132000_0034388079;;;;;;EDI+EDI;;Accept;;132000;3636;;123;Departures;;;;;;;;;;;;
D01/00000D4949150007;132340213672432228;2020-05-15;16:02:47.243;application/x-bolt;24197;0950728586;132340213389330000;2020-05-15;16:02:18.933;;;;;;18008;132340213569410000;2020-05-15;16:02:36.941;;;;;;;;131900_0034388078;;;;Camera05;08;EDI+EDI;;Accept;;131900;2538;;123;Departures;;;;;;;;;;;;
D01/00000D49490E0007;132340213640265694;2020-05-15;16:02:44.027;application/x-bolt;26007;0512513853;132340213391076000;2020-05-15;16:02:19.108;;;;;;18007;132340213571146000;2020-05-15;16:02:37.115;;;;;;;;132000_0034388081;;;;;;EDI+EDI;;Accept;;132000;2273;;123;Departures;;;;;;;;;;;;
D01/00000D49491C0007;132340213697082560;2020-05-15;16:02:49.708;application/x-bolt;24832;0512513854;132340213447666000;2020-05-15;16:02:24.767;;;;;;18007;132340213627736000;2020-05-15;16:02:42.774;;;;;;;;132000_0034388082;;;;;;EDI+EDI;;Accept;;132000;2273;;123;Departures;;;;;;;;;;;;
D01/00000D4949230006;132340213881064314;2020-05-15;16:03:08.106;application/x-bolt;22479;0950728587;132340213597930000;2020-05-15;16:02:39.793;;;;;;18008;132340213778010000;2020-05-15;16:02:57.801;;;;;;;;131900_0034388080;;;;;;EDI+EDI;;Accept;;131900;2538;;123;Departures;;;;;;;;;;;;
D01/00000D4949290007;132340213979615603;2020-05-15;16:03:17.962;application/x-bolt;24618;0512513843;132340213730106000;2020-05-15;16:02:53.011;;;;;;18008;132340213910186000;2020-05-15;16:03:11.019;;;;;;;;132000_0034388084;;;;;;EDI+EDI;;Accept;;132000;2406;;123;Departures;;;;;;;;;;;;
D01/00000D4949360007;132340214085162660;2020-05-15;16:03:28.516;application/x-bolt;24936;0950728589;132340213801980000;2020-05-15;16:03:00.198;;;;;;18009;132340213982070000;2020-05-15;16:03:18.207;;;;;;;;131900_0034388085;;;;Camera06;05;EDI+EDI;;Accept;;131900;2636;;123;Departures;;;;;;;;;;;;
D01/00000D4949300006;132340214065216208;2020-05-15;16:03:26.522;application/x-bolt;23157;0512513848;132340213815916000;2020-05-15;16:03:01.592;;;;;;18006;132340213995976000;2020-05-15;16:03:19.598;;;;;;;;132000_0034388087;;;;Camera05;03;EDI+EDI;;Accept;;132000;5829;;123;Departures;;;;;;;;;;;;
D01/00000D49493D0007;132340214114586932;2020-05-15;16:03:31.459;application/x-bolt;26143;0950728588;132340213831420000;2020-05-15;16:03:03.142;;;;;;18008;132340214011500000;2020-05-15;16:03:21.150;;;;;;;;131900_0034388086;;;;;;EDI+EDI;;Accept;;131900;2576;;123;Departures;;;;;;;;;;;;
D01/00000D4949440006;132340214115147394;2020-05-15;16:03:31.515;application/x-bolt;21259;0512513844;132340213865706000;2020-05-15;16:03:06.571;;;;;;18007;132340214045776000;2020-05-15;16:03:24.578;;;;;;;;132000_0034388094;;;;;;EDI+EDI;;Accept;;132000;2352;;123;Departures;;;;;;;;;;;;
D01/00000D49494A0007;132340214144451560;2020-05-15;16:03:34.445;application/x-bolt;25093;0512513850;132340213895066000;2020-05-15;16:03:09.507;;;;;;18007;132340214075136000;2020-05-15;16:03:27.514;;;;;;;;132000_0034388089;;;;;;EDI+EDI;;Accept;;132000;2320;;123;Departures;;;;;;;;;;;;
D01/00000D4949510008;132340214260086943;2020-05-15;16:03:46.009;application/x-bolt;28473;0950728566;132340213976980000;2020-05-15;16:03:17.698;;;;;;18008;132340214157060000;2020-05-15;16:03:35.706;;;;;;;;131900_0034388088;;;;;;EDI+EDI;;Accept;;131900;2603;;123;Departures;;;;;;;;;;;;
D01/00000D4949590007;132340214289281020;2020-05-15;16:03:48.928;application/x-bolt;26933;0523529944;132340214039696000;2020-05-15;16:03:23.970;;;;;;18006;132340214219756000;2020-05-15;16:03:41.976;;;;;;;;132000_0034388083;;;;;;EDI+EDI;;Accept;;132000;3438;;123;Departures;;;;;;;;;;;;
D01/00000D4949600006;132340214358438064;2020-05-15;16:03:55.844;application/x-bolt;23312;0512513861 / 0512157612;132340214109086000;2020-05-15;16:03:30.909;;;;;;18006;132340214289146000;2020-05-15;16:03:48.915;;;;;;;;132000_0034388093;;;Multiple main barcodes detected;Camera02;11;EDI+EDI;;Accept;;132000;2328;;123;Departures;;;;;;;;;;;;
D01/00000D4949660007;132340214385080040;2020-05-15;16:03:58.508;application/x-bolt;24451;0512513860;132340214135656000;2020-05-15;16:03:33.566;;;;;;18007;132340214315726000;2020-05-15;16:03:51.573;;;;;;;;132000_0034388091;;;;;;EDI+EDI;;Accept;;132000;2368;;123;Departures;;;;;;;;;;;;
D01/00000D49496D0007;132340214624657649;2020-05-15;16:04:22.466;application/x-bolt;27869;0950728568;132340214341460000;2020-05-15;16:03:54.146;;;;;;18008;132340214521540000;2020-05-15;16:04:12.154;;;;;;;;131900_0034388092;;;;;;EDI+EDI;;Accept;;131900;2578;;123;Departures;;;;;;;;;;;;
D01/00000D4949740007;132340214731155496;2020-05-15;16:04:33.116;application/x-bolt;24479;0950728591;132340214448130000;2020-05-15;16:04:04.813;;;;;;18007;132340214628200000;2020-05-15;16:04:22.820;;;;;;;;131900_0034388095;;;;Camera06;04;EDI+EDI;;Accept;;131900;2834;;123;Departures;;;;;;;;;;;;
D01/00000D49497B0007;132340214929679242;2020-05-15;16:04:52.968;application/x-bolt;25381;0512513863;132340214680176000;2020-05-15;16:04:28.018;;;;;;18006;132340214860236000;2020-05-15;16:04:46.024;;;;;;;;132000_0034388098;;;;;;EDI+EDI;;Accept;;132000;2369;;123;Departures;;;;;;;;;;;;
D01/00000D4949820007;132340215019633436;2020-05-15;16:05:01.963;application/x-bolt;24705;0950728592;132340214736530000;2020-05-15;16:04:33.653;;;;;;18007;132340214916600000;2020-05-15;16:04:51.660;;;;;;;;131900_0034388097;;;;Camera06;04;EDI+EDI;;Accept;;131900;2595;;123;Departures;;;;;;;;;;;;
D01/00000D4949890007;132340215052110225;2020-05-15;16:05:05.211;application/x-bolt;26788;0950728567;132340214769020000;2020-05-15;16:04:36.902;;;;;;18009;132340214949110000;2020-05-15;16:04:54.911;;;;;;;;131900_0034388096;;;;;;EDI+EDI;;Accept;;131900;2615;;123;Departures;;;;;;;;;;;;
D01/00000D4949900007;132340215431232936;2020-05-15;16:05:43.123;application/x-bolt;26353;0057694894 / 0512513865 / 0517513865;132340215181776000;2020-05-15;16:05:18.178;;;;;;18006;132340215361836000;2020-05-15;16:05:36.184;;;;;;;;132000_0034388099;;;Multiple main barcodes detected;Camera05;03;EDI+EDI;;Accept;;132000;2362;;123;Departures;;;;;;;;;;;;
D01/00000D4949970007;132340215462708897;2020-05-15;16:05:46.271;application/x-bolt;25279;0512513866;132340215213306000;2020-05-15;16:05:21.331;;;;;;18007;132340215393376000;2020-05-15;16:05:39.338;;;;;;;;132000_0034388100;;;;;;EDI+EDI;;Accept;;132000;2358;;123;Departures;;;;;;;;;;;;
D01/00000D49499E0006;132340215840600594;2020-05-15;16:06:24.060;application/x-bolt;22379;0950728593;132340215557450000;2020-05-15;16:05:55.745;;;;;;18009;132340215737540000;2020-05-15;16:06:13.754;;;;;;;;131900_0034388101;;;;;;EDI+EDI;;Accept;;131900;3908;;123;Departures;;;;;;;;;;;;
D01/00000D4949A40007;132340215927662403;2020-05-15;16:06:32.766;application/x-bolt;26314;0512513872;132340215678066000;2020-05-15;16:06:07.807;;;;;;18014;132340215858206000;2020-05-15;16:06:25.821;;;;;;;;132000_0034388103;;;;;;EDI+EDI;;Accept;;132000;2388;;123;Departures;;;;;;;;;;;;
D01/00000D4949B10007;132340216094740215;2020-05-15;16:06:49.474;application/x-bolt;25839;0950728594;132340215811570000;2020-05-15;16:06:21.157;;;;;;18008;132340215991650000;2020-05-15;16:06:39.165;;;;;;;;131900_0034388102;;;;;;EDI+EDI;;Accept;;131900;2582;;123;Departures;;;;;;;;;;;;
D01/00000D4949AB0006;132340216074913860;2020-05-15;16:06:47.491;application/x-bolt;23379;0512513857;132340215825416000;2020-05-15;16:06:22.542;;;;;;18007;132340216005486000;2020-05-15;16:06:40.549;;;;;;;;132000_0034388105;;;;Camera01;05;EDI+EDI;;Accept;;132000;4865;;123;Departures;;;;;;;;;;;;
D01/00000D4949B80007;132340216126386316;2020-05-15;16:06:52.639;application/x-bolt;24277;0512513873;132340215876966000;2020-05-15;16:06:27.697;;;;;;18007;132340216057036000;2020-05-15;16:06:45.704;;;;;;;;132000_0034388104;;;;;;EDI+EDI;;Accept;;132000;2386;;123;Departures;;;;;;;;;;;;
D01/00000D4949BF0007;132340216151687185;2020-05-15;16:06:55.169;application/x-bolt;26040;0512513875;132340215902166000;2020-05-15;16:06:30.217;;;;;;18007;132340216082236000;2020-05-15;16:06:48.224;;;;;;;;132000_0034388106;;;;;;EDI+EDI;;Accept;;132000;2420;;123;Departures;;;;;;;;;;;;
D01/00000D4949C60007;132340216424221980;2020-05-15;16:07:22.422;application/x-bolt;24330;0950728595;132340216141040000;2020-05-15;16:06:54.104;;;;;;18009;132340216321130000;2020-05-15;16:07:12.113;;;;;;;;131900_0034388107;;;;Camera05;08;EDI+EDI;;Accept;;131900;2565;;123;Departures;;;;;;;;;;;;
D01/00000D4949CD0007;132340216692233046;2020-05-15;16:07:49.223;application/x-bolt;24316;0512513877;132340216442676000;2020-05-15;16:07:24.268;;;;;;18008;132340216622756000;2020-05-15;16:07:42.276;;;;;;;;132000_0034388108;;;;;;EDI+EDI;;Accept;;132000;3153;;123;Departures;;;;;;;;;;;;
D01/00000D4949D40007;132340216962535999;2020-05-15;16:08:16.254;application/x-bolt;26073;0950728597;132340216679390000;2020-05-15;16:07:47.939;;;;;;18008;132340216859470000;2020-05-15;16:08:05.947;;;;;;;;131900_0034388110;;;;;;EDI+EDI;;Accept;;131900;2524;;123;Departures;;;;;;;;;;;;
D01/00000D4949DB0007;132340217070795294;2020-05-15;16:08:27.080;application/x-bolt;25902;0512513870;132340216821306000;2020-05-15;16:08:02.131;;;;;;18007;132340217001376000;2020-05-15;16:08:20.138;;;;;;;;132000_0034388112;;;;;;EDI+EDI;;Accept;;132000;5295;;123;Departures;;;;;;;;;;;;
D01/00000D4949E20007;132340217111879181;2020-05-15;16:08:31.188;application/x-bolt;25950;0950728598;132340216828790000;2020-05-15;16:08:02.879;;;;;;18009;132340217008880000;2020-05-15;16:08:20.888;;;;;;;;131900_0034388111;;;;;;EDI+EDI;;Accept;;131900;2547;;123;Departures;;;;;;;;;;;;
D01/00000D4949E90007;132340217343049855;2020-05-15;16:08:54.305;application/x-bolt;24572;0950728600;132340217059860000;2020-05-15;16:08:25.986;;;;;;18008;132340217239940000;2020-05-15;16:08:43.994;;;;;;;;131900_0034388113;;;;Camera05;03;EDI+EDI;;Accept;;131900;2554;;123;Departures;;;;;;;;;;;;
D01/00000D4949F00006;132340217431733005;2020-05-15;16:09:03.173;application/x-bolt;21426;0512513880;132340217182266000;2020-05-15;16:08:38.227;;;;;;18006;132340217362326000;2020-05-15;16:08:56.233;;;;;;;;132000_0034388114;;;;;;EDI+EDI;;Accept;;132000;2348;;123;Departures;;;;;;;;;;;;
D01/00000D4949F60006;132340217551551848;2020-05-15;16:09:15.155;application/x-bolt;23539;0512513882;132340217302146000;2020-05-15;16:08:50.215;;;;;;18007;132340217482216000;2020-05-15;16:09:08.222;;;;;;;;132000_0034388115;;;;Camera02;11;EDI+EDI;;Accept;;132000;2361;;123;Departures;;;;;;;;;;;;
D01/00000D4949FC0006;132340217769361491;2020-05-15;16:09:36.936;application/x-bolt;23635;0512513881;132340217519966000;2020-05-15;16:09:11.997;;;;;;18006;132340217700026000;2020-05-15;16:09:30.003;;;;;;;;132000_0034388117;;;;Camera03;05;EDI+EDI;;Accept;;132000;3424;;123;Departures;;;;;;;;;;;;
D01/00000D494A020007;132340217889160509;2020-05-15;16:09:48.916;application/x-bolt;27549;0950728601;132340217605890000;2020-05-15;16:09:20.589;;;;;;18008;132340217785970000;2020-05-15;16:09:38.597;;;;;;;;131900_0034388116;;;;;;EDI+EDI;;Accept;;131900;2538;;123;Departures;;;;;;;;;;;;
D01/00000D494A09000A;132340217894494705;2020-05-15;16:09:49.449;application/x-bolt;36714;;132340217675136000;2020-05-15;16:09:27.514;;;;;;14930;132340217824436000;2020-05-15;16:09:42.444;;;9196;103;;Reject;2607;132000_0034388118;;;"Enrichment ""VCCLicense"" cancelled: no requester available / Enrichment ""VCCNoBSM"" cancelled: no requester available";Camera01;01;VCS+VCS;;Cancel;;132000;2325;;123;Departures;;3;Cancelled: no requester available;Cancel;11917;;;2;Cancelled: no requester available;Cancel;11926;
D01/00000D494A130006;132340218014293513;2020-05-15;16:10:01.429;application/x-bolt;21247;0512513885;132340217764996000;2020-05-15;16:09:36.500;;;;;;18010;132340217945096000;2020-05-15;16:09:54.510;;;;;;;;132000_0034388119;;;;;;EDI+EDI;;Accept;;132000;2910;;123;Departures;;;;;;;;;;;;
D01/00000D494A190006;132340218328913022;2020-05-15;16:10:32.891;application/x-bolt;23731;0950728602;132340218045730000;2020-05-15;16:10:04.573;;;;;;18008;132340218225810000;2020-05-15;16:10:22.581;;;;;;;;131900_0034388120;;;;Camera05;12;EDI+EDI;;Accept;;131900;2475;;123;Departures;;;;;;;;;;;;
D01/00000D494A260007;132340218446510020;2020-05-15;16:10:44.651;application/x-bolt;25133;0950728590;132340218163320000;2020-05-15;16:10:16.332;;;;;;18010;132340218343420000;2020-05-15;16:10:34.342;;;;;;;;131900_0034388121;;;;Camera03;12;EDI+EDI;;Accept;;131900;3327;;123;Departures;;;;;;;;;;;;
D01/00000D494A1F0007;132340218416885585;2020-05-15;16:10:41.689;application/x-bolt;24400;0512513891;132340218167486000;2020-05-15;16:10:16.749;;;;;;18006;132340218347546000;2020-05-15;16:10:34.755;;;;;;;;132000_0034388128;;;;;;EDI+EDI;;Accept;;132000;2339;;123;Departures;;;;;;;;;;;;
D01/00000D494A340007;132340218477415512;2020-05-15;16:10:47.742;application/x-bolt;26938;0950728603;132340218193430000;2020-05-15;16:10:19.343;;;;;;18083;132340218374260000;2020-05-15;16:10:37.426;;;;;;;;131900_0034388122;;;;;;EDI+EDI;;Accept;;131900;2494;;123;Departures;;;;;;;;;;;;
D01/00000D494A2D0007;132340218462273023;2020-05-15;16:10:46.227;application/x-bolt;26229;0512513890;132340218213076000;2020-05-15;16:10:21.308;;;;;;18007;132340218393146000;2020-05-15;16:10:39.315;;;;;;;;132000_0034388126;;;;;;EDI+EDI;;Accept;;132000;2381;;123;Departures;;;;;;;;;;;;
D01/00000D494A3B0007;132340218704112496;2020-05-15;16:11:10.411;application/x-bolt;25179;0950728604;132340218420800000;2020-05-15;16:10:42.080;;;;;;18008;132340218600880000;2020-05-15;16:11:00.088;;;;;;;;131900_0034388124;;;;;;EDI+EDI;;Accept;;131900;2547;;123;Departures;;;;;;;;;;;;
D01/00000D494A420007;132340218764932664;2020-05-15;16:11:16.493;application/x-bolt;26241;0950728605;132340218480950000;2020-05-15;16:10:48.095;;;;;;18090;132340218661850000;2020-05-15;16:11:06.185;;;;;;;;131900_0034388127;;;;;;EDI+EDI;;Accept;;131900;2539;;123;Departures;;;;;;;;;;;;
D01/00000D494A490007;132340218780855799;2020-05-15;16:11:18.086;application/x-bolt;25545;0512513887;132340218531336000;2020-05-15;16:10:53.134;;;;;;18006;132340218711396000;2020-05-15;16:11:11.140;;;;;;;;132000_0034388129;;;;;;EDI+EDI;;Accept;;132000;2378;;123;Departures;;;;;;;;;;;;
D01/00000D494A500007;132340218931680204;2020-05-15;16:11:33.168;application/x-bolt;24161;0512513879;132340218682236000;2020-05-15;16:11:08.224;;;;;;18007;132340218862306000;2020-05-15;16:11:26.231;;;;;;;;132000_0034388130;;;;Camera02;09;EDI+EDI;;Accept;;132000;2366;;123;Departures;;;;;;;;;;;;
D01/00000D494A570007;132340219214723661;2020-05-15;16:12:01.472;application/x-bolt;28123;0950728608;132340218931410000;2020-05-15;16:11:33.141;;;;;;18008;132340219111490000;2020-05-15;16:11:51.149;;;;;;;;131900_0034388132;;;;;;EDI+EDI;;Accept;;131900;2557;;123;Departures;;;;;;;;;;;;
D01/00000D494A5E0007;132340219275553836;2020-05-15;16:12:07.555;application/x-bolt;26924;0950728607;132340218992230000;2020-05-15;16:11:39.223;;;;;;18021;132340219172440000;2020-05-15;16:11:57.244;;;;;;;;131900_0034388131;;;;;;EDI+EDI;;Accept;;131900;2513;;123;Departures;;;;;;;;;;;;
D01/00000D494A650006;132340219387736367;2020-05-15;16:12:18.774;application/x-bolt;24024;0950728610;132340219104640000;2020-05-15;16:11:50.464;;;;;;18007;132340219284710000;2020-05-15;16:12:08.471;;;;;;;;131900_0034388133;;;;Camera06;06;EDI+EDI;;Accept;;131900;2538;;123;Departures;;;;;;;;;;;;
D01/00000D494A6B0007;132340219514761143;2020-05-15;16:12:31.476;application/x-bolt;25042;0512513899;132340219265156000;2020-05-15;16:12:06.516;;;;;;18019;132340219445346000;2020-05-15;16:12:24.535;;;;;;;;132000_0034388135;;;;;;EDI+EDI;;Accept;;132000;2339;;123;Departures;;;;;;;;;;;;
D01/00000D494A720007;132340219542343896;2020-05-15;16:12:34.234;application/x-bolt;26251;0512513898;132340219292896000;2020-05-15;16:12:09.290;;;;;;18007;132340219472966000;2020-05-15;16:12:27.297;;;;;;;;132000_0034388134;;;;;;EDI+EDI;;Accept;;132000;2379;;123;Departures;;;;;;;;;;;;
D01/00000D494A790006;132340219604965543;2020-05-15;16:12:40.497;application/x-bolt;23960;0512513900 / 2712513900;132340219355566000;2020-05-15;16:12:15.557;;;;;;18008;132340219535646000;2020-05-15;16:12:33.565;;;;;;;;132000_0034388136;;;Multiple main barcodes detected;Camera02;10;EDI+EDI;;Accept;;132000;2334;;123;Departures;;;;;;;;;;;;
D01/00000D494A7F0007;132340219889830508;2020-05-15;16:13:08.983;application/x-bolt;25011;0950728611;132340219606740000;2020-05-15;16:12:40.674;;;;;;18008;132340219786820000;2020-05-15;16:12:58.682;;;;;;;;131900_0034388137;;;;;;EDI+EDI;;Accept;;131900;2536;;123;Departures;;;;;;;;;;;;
D01/00000D494A860006;132340219943905113;2020-05-15;16:13:14.391;application/x-bolt;23572;0512513903;132340219694576000;2020-05-15;16:12:49.458;;;;;;18007;132340219874646000;2020-05-15;16:13:07.465;;;;;;;;132000_0034388139;;;;Camera04;06;EDI+EDI;;Accept;;132000;2336;;123;Departures;;;;;;;;;;;;
D01/00000D494A8C0007;132340220092677825;2020-05-15;16:13:29.268;application/x-bolt;24470;0950728612;132340219809490000;2020-05-15;16:13:00.949;;;;;;18008;132340219989570000;2020-05-15;16:13:18.957;;;;;;;;131900_0034388138;;;;Camera02;08;EDI+EDI;;Accept;;131900;2567;;123;Departures;;;;;;;;;;;;
D01/00000D494A930007;132340220378223349;2020-05-15;16:13:57.822;application/x-bolt;27112;0950728614;132340220095170000;2020-05-15;16:13:29.517;;;;;;18007;132340220275240000;2020-05-15;16:13:47.524;;;;;;;;131900_0034388140;;;;;;EDI+EDI;;Accept;;131900;2546;;123;Departures;;;;;;;;;;;;
D01/00000D494A9A0007;132340220545931681;2020-05-15;16:14:14.593;application/x-bolt;24953;0950728613;132340220262730000;2020-05-15;16:13:46.273;;;;;;18007;132340220442800000;2020-05-15;16:14:04.280;;;;;;;;131900_0034388141;;;;;;EDI+EDI;;Accept;;131900;2557;;123;Departures;;;;;;;;;;;;
D01/00000D494AA10006;132340220759798083;2020-05-15;16:14:35.980;application/x-bolt;22617;0512513910;132340220510326000;2020-05-15;16:14:11.033;;;;;;18006;132340220690386000;2020-05-15;16:14:29.039;;;;;;;;132000_0034388145;;;;Camera01;10;EDI+EDI;;Accept;;132000;2362;;123;Departures;;;;;;;;;;;;
D01/00000D494AA70007;132340220779814594;2020-05-15;16:14:37.981;application/x-bolt;25232;0512513913;132340220530446000;2020-05-15;16:14:13.045;;;;;;18007;132340220710516000;2020-05-15;16:14:31.052;;;;;;;;132000_0034388147;;;;Camera03;07;EDI+EDI;;Accept;;132000;2334;;123;Departures;;;;;;;;;;;;
D01/00000D494AAE0007;132340220961634564;2020-05-15;16:14:56.163;application/x-bolt;27226;0950728615;132340220678430000;2020-05-15;16:14:27.843;;;;;;18009;132340220858520000;2020-05-15;16:14:45.852;;;;;;;;131900_0034388151;;;;;;EDI+EDI;;Accept;;131900;2526;;123;Departures;;;;;;;;;;;;
D01/00000D494AB50007;132340221063768804;2020-05-15;16:15:06.377;application/x-bolt;26019;0512513916;132340220814256000;2020-05-15;16:14:41.426;;;;;;18007;132340220994326000;2020-05-15;16:14:59.433;;;;;;;;132000_0034388150;;;;;;EDI+EDI;;Accept;;132000;2352;;123;Departures;;;;;;;;;;;;
D01/00000D494ABC0006;132340221267777076;2020-05-15;16:15:26.778;application/x-bolt;22582;0512513919;132340221018286000;2020-05-15;16:15:01.829;;;;;;18006;132340221198346000;2020-05-15;16:15:19.835;;;;;;;;132000_0034388152;;;;Camera03;09;EDI+EDI;;Accept;;132000;5594;;123;Departures;;;;;;;;;;;;
D01/00000D494AC20007;132340221327766561;2020-05-15;16:15:32.777;application/x-bolt;25339;0950728616;132340221044530000;2020-05-15;16:15:04.453;;;;;;18008;132340221224610000;2020-05-15;16:15:22.461;;;;;;;;131900_0034388149;;;;Camera04;01;EDI+EDI;;Accept;;131900;2566;;123;Departures;;;;;;;;;;;;
D01/00000D494AC90007;132340221356740460;2020-05-15;16:15:35.674;application/x-bolt;25927;0950728617;132340221073810000;2020-05-15;16:15:07.381;;;;;;18008;132340221253890000;2020-05-15;16:15:25.389;;;;;;;;131900_0034388148;;;;;;EDI+EDI;;Accept;;131900;2560;;123;Departures;;;;;;;;;;;;
D01/00000D494AD00007;132340221542003270;2020-05-15;16:15:54.200;application/x-bolt;24456;0950728618;132340221258820000;2020-05-15;16:15:25.882;;;;;;18007;132340221438890000;2020-05-15;16:15:43.889;;;;;;;;131900_0034388153;;;;Camera06;06;EDI+EDI;;Accept;;131900;2596;;123;Departures;;;;;;;;;;;;
D01/00000D494AD70007;132340221562810433;2020-05-15;16:15:56.281;application/x-bolt;24445;0512513918;132340221313546000;2020-05-15;16:15:31.355;;;;;;18007;132340221493616000;2020-05-15;16:15:49.362;;;;;;;;132000_0034388155;;;;;;EDI+EDI;;Accept;;132000;2333;;123;Departures;;;;;;;;;;;;
D01/00000D494ADE0007;132340221703276292;2020-05-15;16:16:10.328;application/x-bolt;24665;0512513922;132340221453766000;2020-05-15;16:15:45.377;;;;;;18007;132340221633836000;2020-05-15;16:16:03.384;;;;;;;;132000_0034388156;;;;;;EDI+EDI;;Accept;;132000;2351;;123;Departures;;;;;;;;;;;;
D01/00000D494AE50007;132340221899287967;2020-05-15;16:16:29.929;application/x-bolt;24997;0512513924;132340221649686000;2020-05-15;16:16:04.969;;;;;;18008;132340221829766000;2020-05-15;16:16:22.977;;;;;;;;132000_0034388157;;;;;;EDI+EDI;;Accept;;132000;2451;;123;Departures;;;;;;;;;;;;
D01/00000D494AEC0006;132340222070609279;2020-05-15;16:16:47.061;application/x-bolt;24076;0512513923;132340221821156000;2020-05-15;16:16:22.116;;;;;;18007;132340222001226000;2020-05-15;16:16:40.123;;;;;;;;132000_0034388159;;;;;;EDI+EDI;;Accept;;132000;5301;;123;Departures;;;;;;;;;;;;
D01/00000D494AF20007;132340222133911494;2020-05-15;16:16:53.391;application/x-bolt;24356;0512513927;132340221884506000;2020-05-15;16:16:28.451;;;;;;18007;132340222064576000;2020-05-15;16:16:46.458;;;;;;;;132000_0034388158;;;;;;EDI+EDI;;Accept;;132000;2342;;123;Departures;;;;;;;;;;;;
D01/00000D494AF90007;132340222213337001;2020-05-15;16:17:01.334;application/x-bolt;25102;0512513925;132340221963816000;2020-05-15;16:16:36.382;;;;;;18007;132340222143886000;2020-05-15;16:16:54.389;;;;;;;;132000_0034388161;;;;;;EDI+EDI;;Accept;;132000;3035;;123;Departures;;;;;;;;;;;;
D01/00000D494B000007;132340222350189885;2020-05-15;16:17:15.019;application/x-bolt;24615;0950728620;132340222067000000;2020-05-15;16:16:46.700;;;;;;18008;132340222247080000;2020-05-15;16:17:04.708;;;;;;;;131900_0034388160;;;;Camera02;08;EDI+EDI;;Accept;;131900;2518;;123;Departures;;;;;;;;;;;;
D01/00000D494B070006;132340222391413884;2020-05-15;16:17:19.141;application/x-bolt;23915;0512513930;132340222142036000;2020-05-15;16:16:54.204;;;;;;18006;132340222322096000;2020-05-15;16:17:12.210;;;;;;;;132000_0034388162;;;;Camera05;01;EDI+EDI;;Accept;;132000;2409;;123;Departures;;;;;;;;;;;;
D01/00000D494B0D0006;132340222598254494;2020-05-15;16:17:39.825;application/x-bolt;22435;0950728621;132340222315050000;2020-05-15;16:17:11.505;;;;;;18007;132340222495120000;2020-05-15;16:17:29.512;;;;;;;;131900_0034388163;;;;;;EDI+EDI;;Accept;;131900;2531;;123;Departures;;;;;;;;;;;;
D01/00000D494B130006;132340222712228501;2020-05-15;16:17:51.223;application/x-bolt;23753;0512513931 / 0512649302;132340222462686000;2020-05-15;16:17:26.269;;;;;;18008;132340222642766000;2020-05-15;16:17:44.277;;;;;;;;132000_0034388164;;;Multiple main barcodes detected;;;EDI+EDI;;Accept;;132000;2367;;123;Departures;;;;;;;;;;;;
D01/00000D494B190006;132340222893898347;2020-05-15;16:18:09.390;application/x-bolt;23663;0950728622;132340222610660000;2020-05-15;16:17:41.066;;;;;;18008;132340222790740000;2020-05-15;16:17:59.074;;;;;;;;131900_0034388165;;;;Camera05;08;EDI+EDI;;Accept;;131900;2515;;123;Departures;;;;;;;;;;;;
D01/00000D494B1F0006;132340223028509377;2020-05-15;16:18:22.851;application/x-bolt;23934;0512513933;132340222778966000;2020-05-15;16:17:57.897;;;;;;18006;132340222959026000;2020-05-15;16:18:15.903;;;;;;;;132000_0034388166;;;;Camera02;11;EDI+EDI;;Accept;;132000;2382;;123;Departures;;;;;;;;;;;;
D01/00000D494B250007;132340223259319762;2020-05-15;16:18:45.932;application/x-bolt;25081;0512513935;132340223009506000;2020-05-15;16:18:20.951;;;;;;18007;132340223189576000;2020-05-15;16:18:38.958;;;;;;;;132000_0034388167;;;;;;EDI+EDI;;Accept;;132000;2335;;123;Departures;;;;;;;;;;;;
D01/00000D494B2C0007;132340223345911182;2020-05-15;16:18:54.591;application/x-bolt;26129;0512513904;132340223096446000;2020-05-15;16:18:29.645;;;;;;18006;132340223276506000;2020-05-15;16:18:47.651;;;;;;;;132000_0034388168;;;;;;EDI+EDI;;Accept;;132000;2399;;123;Departures;;;;;;;;;;;;
D01/00000D494B330006;132340223553192154;2020-05-15;16:19:15.319;application/x-bolt;23547;0512513937;132340223303746000;2020-05-15;16:18:50.375;;;;;;18006;132340223483806000;2020-05-15;16:19:08.381;;;;;;;;132000_0034388169;;;;;;EDI+EDI;;Accept;;132000;2372;;123;Departures;;;;;;;;;;;;
D01/00000D494B390007;132340223581795746;2020-05-15;16:19:18.180;application/x-bolt;24256;0512513936;132340223332346000;2020-05-15;16:18:53.235;;;;;;18007;132340223512416000;2020-05-15;16:19:11.242;;;;;;;;132000_0034388170;;;;;;EDI+EDI;;Accept;;132000;2401;;123;Departures;;;;;;;;;;;;
D01/00000D494B400007;132340223748062890;2020-05-15;16:19:34.806;application/x-bolt;24290;0950728624;132340223464690000;2020-05-15;16:19:06.469;;;;;;18007;132340223644760000;2020-05-15;16:19:24.476;;;;;;;;131900_0034388171;;;;Camera06;06;EDI+EDI;;Accept;;131900;2485;;123;Departures;;;;;;;;;;;;
D01/00000D494B4E0007;132340223835565064;2020-05-15;16:19:43.557;application/x-bolt;26316;0950728625;132340223552290000;2020-05-15;16:19:15.229;;;;;;18007;132340223732360000;2020-05-15;16:19:33.236;;;;;;;;131900_0034388172;;;;;;EDI+EDI;;Accept;;131900;4420;;123;Departures;;;;;;;;;;;;
D01/00000D494B470007;132340223806951460;2020-05-15;16:19:40.695;application/x-bolt;25448;0512513939;132340223557346000;2020-05-15;16:19:15.735;;;;;;18007;132340223737416000;2020-05-15;16:19:33.742;;;;;;;;132000_0034388175;;;;;;EDI+EDI;;Accept;;132000;2411;;123;Departures;;;;;;;;;;;;
D01/00000D494B550007;132340223889689703;2020-05-15;16:19:48.969;application/x-bolt;24800;0512513940;132340223640226000;2020-05-15;16:19:24.023;;;;;;18007;132340223820296000;2020-05-15;16:19:42.030;;;;;;;;132000_0034388182;;;;;;EDI+EDI;;Accept;;132000;3389;;123;Departures;;;;;;;;;;;;
D01/00000D494B5C0006;132340223942263069;2020-05-15;16:19:54.226;application/x-bolt;21320;0512513943;132340223692986000;2020-05-15;16:19:29.299;;;;;;18007;132340223873056000;2020-05-15;16:19:47.306;;;;;;;;132000_0034388177;;;;;;EDI+EDI;;Accept;;132000;2448;;123;Departures;;;;;;;;;;;;
D01/00000D494B680007;132340224184713048;2020-05-15;16:20:18.471;application/x-bolt;25062;0950728623;132340223901370000;2020-05-15;16:19:50.137;;;;;;18008;132340224081450000;2020-05-15;16:20:08.145;;;;;;;;131900_0034388178;;;;Camera06;02;EDI+EDI;;Accept;;131900;2484;;123;Departures;;;;;;;;;;;;
D01/00000D494B620006;132340224174995034;2020-05-15;16:20:17.500;application/x-bolt;22967;0512513942;132340223925526000;2020-05-15;16:19:52.553;;;;;;18007;132340224105596000;2020-05-15;16:20:10.560;;;;;;;;132000_0034388180;;;;Camera04;07;EDI+EDI;;Accept;;132000;2860;;123;Departures;;;;;;;;;;;;
D01/00000D494B6F0006;132340224243611631;2020-05-15;16:20:24.361;application/x-bolt;23197;0512513946;132340223994156000;2020-05-15;16:19:59.416;;;;;;18006;132340224174216000;2020-05-15;16:20:17.422;;;;;;;;132000_0034388181;;;;Camera02;09;EDI+EDI;;Accept;;132000;2462;;123;Departures;;;;;;;;;;;;
D01/00000D494B750006;132340224337499069;2020-05-15;16:20:33.750;application/x-bolt;23921;0950728626;132340224054270000;2020-05-15;16:20:05.427;;;;;;18008;132340224234350000;2020-05-15;16:20:23.435;;;;;;;;131900_0034388179;;;;Camera05;08;EDI+EDI;;Accept;;131900;2542;;123;Departures;;;;;;;;;;;;
D01/00000D494B7B0006;132340224380964921;2020-05-15;16:20:38.096;application/x-bolt;24019;0512513949;132340224131586000;2020-05-15;16:20:13.159;;;;;;18006;132340224311646000;2020-05-15;16:20:31.165;;;;;;;;132000_0034388188;;;;;;EDI+EDI;;Accept;;132000;2430;;123;Departures;;;;;;;;;;;;
D01/00000D494B810007;132340224454225348;2020-05-15;16:20:45.423;application/x-bolt;26689;0950728627;132340224170890000;2020-05-15;16:20:17.089;;;;;;18010;132340224350990000;2020-05-15;16:20:35.099;;;;;;;;131900_0034388183;;;;;;EDI+EDI;;Accept;;131900;2551;;123;Departures;;;;;;;;;;;;
D01/00000D494B880007;132340224585613721;2020-05-15;16:20:58.561;application/x-bolt;25780;0512513945;132340224336166000;2020-05-15;16:20:33.617;;;;;;18006;132340224516226000;2020-05-15;16:20:51.623;;;;;;;;132000_0034388189;;;;;;EDI+EDI;;Accept;;132000;2422;;123;Departures;;;;;;;;;;;;
D01/00000D494B950007;132340224652588966;2020-05-15;16:21:05.259;application/x-bolt;24857;0950728628;132340224369310000;2020-05-15;16:20:36.931;;;;;;18008;132340224549390000;2020-05-15;16:20:54.939;;;;;;;;131900_0034388187;;;;Camera03;12;EDI+EDI;;Accept;;131900;2744;;123;Departures;;;;;;;;;;;;
D01/00000D494B8F0006;132340224642110323;2020-05-15;16:21:04.211;application/x-bolt;23262;0512513947;132340224392626000;2020-05-15;16:20:39.263;;;;;;18007;132340224572696000;2020-05-15;16:20:57.270;;;;;;;;132000_0034388192;;;;Camera03;10;EDI+EDI;;Accept;;132000;2446;;123;Departures;;;;;;;;;;;;
D01/00000D494B9C0006;132340224763550496;2020-05-15;16:21:16.355;application/x-bolt;23443;0512513932;132340224514096000;2020-05-15;16:20:51.410;;;;;;18007;132340224694166000;2020-05-15;16:21:09.417;;;;;;;;132000_0034388193;;;;;;EDI+EDI;;Accept;;132000;2447;;123;Departures;;;;;;;;;;;;
D01/00000D494BA20007;132340224791263344;2020-05-15;16:21:19.126;application/x-bolt;27501;0523582466;132340224541816000;2020-05-15;16:20:54.182;;;;;;18007;132340224721886000;2020-05-15;16:21:12.189;;;;;;;;132000_0034388184;;;;;;EDI+EDI;;Accept;;132000;2460;;123;Departures;;;;;;;;;;;;
D01/00000D494BA90007;132340224817855282;2020-05-15;16:21:21.786;application/x-bolt;24626;0512513950;132340224568316000;2020-05-15;16:20:56.832;;;;;;18007;132340224748386000;2020-05-15;16:21:14.839;;;;;;;;132000_0034388196;;;;;;EDI+EDI;;Accept;;132000;2464;;123;Departures;;;;;;;;;;;;
D01/00000D494BB00007;132340224847329593;2020-05-15;16:21:24.733;application/x-bolt;27807;0523582465;132340224597836000;2020-05-15;16:20:59.784;;;;;;18007;132340224777906000;2020-05-15;16:21:17.791;;;;;;;;132000_0034388190;;;;;;EDI+EDI;;Accept;;132000;2492;;123;Departures;;;;;;;;;;;;
D01/00000D494BB70007;132340224908780277;2020-05-15;16:21:30.878;application/x-bolt;25868;0523582467;132340224659266000;2020-05-15;16:21:05.927;;;;;;18012;132340224839386000;2020-05-15;16:21:23.939;;;;;;;;132000_0034388194;;;;;;EDI+EDI;;Accept;;132000;2506;;123;Departures;;;;;;;;;;;;
D01/00000D494BBE0006;132340224933640785;2020-05-15;16:21:33.364;application/x-bolt;23996;0512513953 / 2712913953 / 0000694608;132340224684176000;2020-05-15;16:21:08.418;;;;;;18007;132340224864246000;2020-05-15;16:21:26.425;;;;;;;;132000_0034388198;;;Multiple main barcodes detected;Camera03;05;EDI+EDI;;Accept;;132000;2293;;123;Departures;;;;;;;;;;;;
D01/00000D494BC40007;132340224963095080;2020-05-15;16:21:36.310;application/x-bolt;25866;0523582468;132340224713686000;2020-05-15;16:21:11.369;;;;;;18007;132340224893756000;2020-05-15;16:21:29.376;;;;;;;;132000_0034388195;;;;;;EDI+EDI;;Accept;;132000;2466;;123;Departures;;;;;;;;;;;;
D01/00000D494BCB0006;132340225133485622;2020-05-15;16:21:53.349;application/x-bolt;24093;0950728629;132340224850180000;2020-05-15;16:21:25.018;;;;;;18008;132340225030260000;2020-05-15;16:21:43.026;;;;;;;;131900_0034388197;;;;Camera06;07;EDI+EDI;;Accept;;131900;2598;;123;Departures;;;;;;;;;;;;
D01/00000D494BD10006;132340225157745632;2020-05-15;16:21:55.775;application/x-bolt;23587;0235392238 / 0512513955;132340224908266000;2020-05-15;16:21:30.827;;;;;;18007;132340225088336000;2020-05-15;16:21:48.834;;;;;;;;132000_0034388201;;;Multiple main barcodes detected;;;EDI+EDI;;Accept;;132000;2445;;123;Departures;;;;;;;;;;;;
D01/00000D494BDE0007;132340225366237602;2020-05-15;16:22:16.624;application/x-bolt;26853;0950728630;132340225082860000;2020-05-15;16:21:48.286;;;;;;18008;132340225262940000;2020-05-15;16:22:06.294;;;;;;;;131900_0034388199;;;;;;EDI+EDI;;Accept;;131900;2531;;123;Departures;;;;;;;;;;;;
D01/00000D494BD70007;132340225360302713;2020-05-15;16:22:16.030;application/x-bolt;26011;0523582464;132340225110836000;2020-05-15;16:21:51.084;;;;;;18007;132340225290906000;2020-05-15;16:22:09.091;;;;;;;;132000_0034388200;;;;;;EDI+EDI;;Accept;;132000;2510;;123;Departures;;;;;;;;;;;;
D01/00000D494BE50006;132340225394210674;2020-05-15;16:22:19.421;application/x-bolt;23724;0235498388 / 0235392239 / 0512513958;132340225144846000;2020-05-15;16:21:54.485;;;;;;18007;132340225324916000;2020-05-15;16:22:12.492;;;;;;;;132000_0034388204;;;Multiple main barcodes detected;;;EDI+EDI;;Accept;;132000;2520;;123;Departures;;;;;;;;;;;;
D01/00000D494BEB0007;132340225449796526;2020-05-15;16:22:24.980;application/x-bolt;27532;0523582463;132340225200146000;2020-05-15;16:22:00.015;;;;;;18018;132340225380326000;2020-05-15;16:22:18.033;;;;;;;;132000_0034388202;;;;;;EDI+EDI;;Accept;;132000;2520;;123;Departures;;;;;;;;;;;;
D01/00000D494BF20007;132340225499037141;2020-05-15;16:22:29.904;application/x-bolt;25348;0512513959;132340225249636000;2020-05-15;16:22:04.964;;;;;;18007;132340225429706000;2020-05-15;16:22:22.971;;;;;;;;132000_0034388207;;;;;;EDI+EDI;;Accept;;132000;2483;;123;Departures;;;;;;;;;;;;
D01/00000D494BF90006;132340225577742064;2020-05-15;16:22:37.774;application/x-bolt;23901;0950728633;132340225294400000;2020-05-15;16:22:09.440;;;;;;18013;132340225474530000;2020-05-15;16:22:27.453;;;;;;;;131900_0034388203;;;;Camera05;07;EDI+EDI;;Accept;;131900;2531;;123;Departures;;;;;;;;;;;;
D01/00000D494BFF0007;132340225608667566;2020-05-15;16:22:40.867;application/x-bolt;26912;0950728631;132340225324680000;2020-05-15;16:22:12.468;;;;;;18082;132340225505500000;2020-05-15;16:22:30.550;;;;;;;;131900_0034388206;;;;;;EDI+EDI;;Accept;;131900;2528;;123;Departures;;;;;;;;;;;;
D01/00000D494C060007;132340225713233815;2020-05-15;16:22:51.323;application/x-bolt;26284;0950728632;132340225429920000;2020-05-15;16:22:22.992;;;;;;18008;132340225610000000;2020-05-15;16:22:41.000;;;;;;;;131900_0034388205;;;;;;EDI+EDI;;Accept;;131900;2545;;123;Departures;;;;;;;;;;;;
D01/00000D494C0D0007;132340225733610620;2020-05-15;16:22:53.361;application/x-bolt;26168;0512513962;132340225484146000;2020-05-15;16:22:28.415;;;;;;18008;132340225664226000;2020-05-15;16:22:46.423;;;;;;;;132000_0034388208;;;;;;EDI+EDI;;Accept;;132000;2516;;123;Departures;;;;;;;;;;;;
D01/00000D494C140006;132340225908725059;2020-05-15;16:23:10.873;application/x-bolt;21322;0512513966;132340225659286000;2020-05-15;16:22:45.929;;;;;;18007;132340225839356000;2020-05-15;16:23:03.936;;;;;;;;132000_0034388211;;;;;;EDI+EDI;;Accept;;132000;2504;;123;Departures;;;;;;;;;;;;
D01/00000D494C1A0007;132340226060540284;2020-05-15;16:23:26.054;application/x-bolt;25081;0950728634;132340225777230000;2020-05-15;16:22:57.723;;;;;;18008;132340225957310000;2020-05-15;16:23:15.731;;;;;;;;131900_0034388209;;;;;;EDI+EDI;;Accept;;131900;2571;;123;Departures;;;;;;;;;;;;
D01/00000D494C210007;132340226075963002;2020-05-15;16:23:27.596;application/x-bolt;25716;0512513965;132340225826386000;2020-05-15;16:23:02.639;;;;;;18007;132340226006456000;2020-05-15;16:23:20.646;;;;;;;;132000_0034388210;;;;;;EDI+EDI;;Accept;;132000;4789;;123;Departures;;;;;;;;;;;;
D01/00000D494C280006;132340226168159046;2020-05-15;16:23:36.816;application/x-bolt;23872;0512513964;132340225918626000;2020-05-15;16:23:11.863;;;;;;18006;132340226098686000;2020-05-15;16:23:29.869;;;;;;;;132000_0034388215;;;;;;EDI+EDI;;Accept;;132000;3545;;123;Departures;;;;;;;;;;;;
D01/00000D494C2E0007;132340226258863867;2020-05-15;16:23:45.886;application/x-bolt;26654;0523582462;132340226009446000;2020-05-15;16:23:20.945;;;;;;18006;132340226189506000;2020-05-15;16:23:38.951;;;;;;;;132000_0034388212;;;;;;EDI+EDI;;Accept;;132000;2512;;123;Departures;;;;;;;;;;;;
D01/00000D494C350007;132340226317252026;2020-05-15;16:23:51.725;application/x-bolt;25788;0950728635;132340226033870000;2020-05-15;16:23:23.387;;;;;;18008;132340226213950000;2020-05-15;16:23:41.395;;;;;;;;131900_0034388214;;;;;;EDI+EDI;;Accept;;131900;2555;;123;Departures;;;;;;;;;;;;
D01/00000D494C3C0007;132340226320334566;2020-05-15;16:23:52.033;application/x-bolt;26586;0523582461;132340226070936000;2020-05-15;16:23:27.094;;;;;;18007;132340226251006000;2020-05-15;16:23:45.101;;;;;;;;132000_0034388213;;;;;;EDI+EDI;;Accept;;132000;2495;;123;Departures;;;;;;;;;;;;
D01/00000D494C430007;132340226346215913;2020-05-15;16:23:54.622;application/x-bolt;24756;0512513968;132340226096726000;2020-05-15;16:23:29.673;;;;;;18007;132340226276796000;2020-05-15;16:23:47.680;;;;;;;;132000_0034388216;;;;;;EDI+EDI;;Accept;;132000;2498;;123;Departures;;;;;;;;;;;;
D01/00000D494C4A0007;132340226948302536;2020-05-15;16:24:54.830;application/x-bolt;24701;0512513973;132340226696386000;2020-05-15;16:24:29.639;;;;;;18265;132340226879036000;2020-05-15;16:24:47.904;;;;;;;;132000_0034388220;;;;;;EDI+EDI;;Accept;;132000;2501;;123;Departures;;;;;;;;;;;;
D01/00000D494C510006;132340227065719382;2020-05-15;16:25:06.572;application/x-bolt;22964;0512513974;132340226816256000;2020-05-15;16:24:41.626;;;;;;18006;132340226996316000;2020-05-15;16:24:59.632;;;;;;;;132000_0034388218;;;;Camera01;10;EDI+EDI;;Accept;;132000;5796;;123;Departures;;;;;;;;;;;;
D01/00000D494C570007;132340227092581536;2020-05-15;16:25:09.258;application/x-bolt;24391;0512513975;132340226843086000;2020-05-15;16:24:44.309;;;;;;18007;132340227023156000;2020-05-15;16:25:02.316;;;;;;;;132000_0034388219;;;;;;EDI+EDI;;Accept;;132000;3582;;123;Departures;;;;;;;;;;;;
D01/00000D494C5E0007;132340227146496010;2020-05-15;16:25:14.650;application/x-bolt;25392;0512513979;132340226897216000;2020-05-15;16:24:49.722;;;;;;18006;132340227077276000;2020-05-15;16:25:07.728;;;;;;;;132000_0034388224;;;;;;EDI+EDI;;Accept;;132000;2505;;123;Departures;;;;;;;;;;;;
D01/00000D494C720006;132340227210058438;2020-05-15;16:25:21.006;application/x-bolt;23401;0950728639;132340226926640000;2020-05-15;16:24:52.664;;;;;;18007;132340227106710000;2020-05-15;16:25:10.671;;;;;;;;131900_0034388222;;;;Camera06;07;EDI+EDI;;Accept;;131900;2515;;123;Departures;;;;;;;;;;;;
D01/00000D494C650006;132340227177721765;2020-05-15;16:25:17.772;application/x-bolt;21183;0512513978;132340226927276000;2020-05-15;16:24:52.728;;;;;;18107;132340227108346000;2020-05-15;16:25:10.835;;;;;;;;132000_0034388227;;;;;;EDI+EDI;;Accept;;132000;2497;;123;Departures;;;;;;;;;;;;
D01/00000D494C6B0007;132340227206505505;2020-05-15;16:25:20.651;application/x-bolt;25341;0512513980;132340226955606000;2020-05-15;16:24:55.561;;;;;;18135;132340227136956000;2020-05-15;16:25:13.696;;;;;;;;132000_0034388229;;;;;;EDI+EDI;;Accept;;132000;2519;;123;Departures;;;;;;;;;;;;
D01/00000D494C7E0007;132340227243215787;2020-05-15;16:25:24.322;application/x-bolt;26010;0950728638;132340226959950000;2020-05-15;16:24:55.995;;;;;;18009;132340227140040000;2020-05-15;16:25:14.004;;;;;;;;131900_0034388221;;;;;;EDI+EDI;;Accept;;131900;2554;;123;Departures;;;;;;;;;;;;
D01/00000D494C780006;132340227233467745;2020-05-15;16:25:23.347;application/x-bolt;23547;0512513969 / 0012513969;132340226983896000;2020-05-15;16:24:58.390;;;;;;18006;132340227163956000;2020-05-15;16:25:16.396;;;;;;;;132000_0034388230;;;Multiple main barcodes detected;;;EDI+EDI;;Accept;;132000;2495;;123;Departures;;;;;;;;;;;;
D01/00000D494C8B0006;132340227355678551;2020-05-15;16:25:35.568;application/x-bolt;23619;0950728637;132340227072410000;2020-05-15;16:25:07.241;;;;;;18008;132340227252490000;2020-05-15;16:25:25.249;;;;;;;;131900_0034388225;;;;Camera05;07;EDI+EDI;;Accept;;131900;2544;;123;Departures;;;;;;;;;;;;
D01/00000D494C850006;132340227331078256;2020-05-15;16:25:33.108;application/x-bolt;22267;0512513970;132340227081656000;2020-05-15;16:25:08.166;;;;;;18006;132340227261716000;2020-05-15;16:25:26.172;;;;;;;;132000_0034388231;;;;Camera06;01;EDI+EDI;;Accept;;132000;2515;;123;Departures;;;;;;;;;;;;
D01/00000D494C910007;132340227436595290;2020-05-15;16:25:43.660;application/x-bolt;24625;0950728636;132340227153360000;2020-05-15;16:25:15.336;;;;;;18009;132340227333450000;2020-05-15;16:25:33.345;;;;;;;;131900_0034388228;;;;Camera05;08;EDI+EDI;;Accept;;131900;4299;;123;Departures;;;;;;;;;;;;
D01/00000D494C980007;132340227480871816;2020-05-15;16:25:48.087;application/x-bolt;25019;0512513985;132340227231246000;2020-05-15;16:25:23.125;;;;;;18007;132340227411316000;2020-05-15;16:25:41.132;;;;;;;;132000_0034388232;;;;;;EDI+EDI;;Accept;;132000;4292;;123;Departures;;;;;;;;;;;;
D01/00000D494C9F0007;132340227585137816;2020-05-15;16:25:58.514;application/x-bolt;24618;0512513983;132340227335606000;2020-05-15;16:25:33.561;;;;;;18008;132340227515686000;2020-05-15;16:25:51.569;;;;;;;;132000_0034388233;;;;;;EDI+EDI;;Accept;;132000;2517;;123;Departures;;;;;;;;;;;;
D01/00000D494CA60006;132340227622868931;2020-05-15;16:26:02.287;application/x-bolt;23947;0151660375 / 0512513944;132340227373656000;2020-05-15;16:25:37.366;;;;;;18007;132340227553726000;2020-05-15;16:25:55.373;;;;;;;;132000_0034388237;;;Multiple main barcodes detected;Camera06;06;EDI+EDI;;Accept;;132000;2541;;123;Departures;;;;;;;;;;;;
D01/00000D494CAC0007;132340227721630395;2020-05-15;16:26:12.163;application/x-bolt;25242;0512513976;132340227472136000;2020-05-15;16:25:47.214;;;;;;18007;132340227652206000;2020-05-15;16:26:05.221;;;;;;;;132000_0034388239;;;;;;EDI+EDI;;Accept;;132000;2519;;123;Departures;;;;;;;;;;;;
D01/00000D494CB30007;132340227813766393;2020-05-15;16:26:21.377;application/x-bolt;25603;0950728640;132340227530370000;2020-05-15;16:25:53.037;;;;;;18009;132340227710460000;2020-05-15;16:26:11.046;;;;;;;;131900_0034388236;;;;;;EDI+EDI;;Accept;;131900;2518;;123;Departures;;;;;;;;;;;;
D01/00000D494CBA0007;132340227842690249;2020-05-15;16:26:24.269;application/x-bolt;25778;0512513988;132340227593146000;2020-05-15;16:25:59.315;;;;;;18006;132340227773206000;2020-05-15;16:26:17.321;;;;;;;;132000_0034388238;;;;;;EDI+EDI;;Accept;;132000;2511;;123;Departures;;;;;;;;;;;;
D01/00000D494CC10007;132340227992033430;2020-05-15;16:26:39.203;application/x-bolt;27568;0950728641;132340227708770000;2020-05-15;16:26:10.877;;;;;;18008;132340227888850000;2020-05-15;16:26:28.885;;;;;;;;131900_0034388240;;;;;;EDI+EDI;;Accept;;131900;2529;;123;Departures;;;;;;;;;;;;
D01/00000D494CC80007;132340228431746118;2020-05-15;16:27:23.175;application/x-bolt;26134;0512513991;132340228182106000;2020-05-15;16:26:58.211;;;;;;18008;132340228362186000;2020-05-15;16:27:16.219;;;;;;;;132000_0034388242;;;;;;EDI+EDI;;Accept;;132000;2481;;123;Departures;;;;;;;;;;;;
D01/00000D494CCF0006;132340228494067525;2020-05-15;16:27:29.407;application/x-bolt;23901;0512513993;132340228244356000;2020-05-15;16:27:04.436;;;;;;18007;132340228424426000;2020-05-15;16:27:22.443;;;;;;;;132000_0034388241;;;;Camera04;09;EDI+EDI;;Accept;;132000;2497;;123;Departures;;;;;;;;;;;;
D01/00000D494CD50006;132340228555468171;2020-05-15;16:27:35.547;application/x-bolt;22988;0512513992;132340228304656000;2020-05-15;16:27:10.466;;;;;;18143;132340228486086000;2020-05-15;16:27:28.609;;;;;;;;132000_0034388243;;;;Camera02;09;EDI+EDI;;Accept;;132000;2481;;123;Departures;;;;;;;;;;;;
D01/00000D494CDB0006;132340228603878097;2020-05-15;16:27:40.388;application/x-bolt;23281;0512513994 / 0151614745;132340228354346000;2020-05-15;16:27:15.435;;;;;;18007;132340228534416000;2020-05-15;16:27:33.442;;;;;;;;132000_0034388244;;;Multiple main barcodes detected;;;EDI+EDI;;Accept;;132000;2463;;123;Departures;;;;;;;;;;;;
D01/00000D494CE10007;132340228622833734;2020-05-15;16:27:42.283;application/x-bolt;24646;0512513997;132340228373386000;2020-05-15;16:27:17.339;;;;;;18006;132340228553446000;2020-05-15;16:27:35.345;;;;;;;;132000_0034388245;;;;;;EDI+EDI;;Accept;;132000;2451;;123;Departures;;;;;;;;;;;;
D01/00000D494CE80006;132340228679770696;2020-05-15;16:27:47.977;application/x-bolt;23400;0512513990;132340228430236000;2020-05-15;16:27:23.024;;;;;;18007;132340228610306000;2020-05-15;16:27:41.031;;;;;;;;132000_0034388246;;;;Camera03;06;EDI+EDI;;Accept;;132000;2544;;123;Departures;;;;;;;;;;;;
D01/00000D494CEE0007;132340229030710160;2020-05-15;16:28:23.071;application/x-bolt;25901;0512514002;132340228778766000;2020-05-15;16:27:57.877;;;;;;18249;132340228961256000;2020-05-15;16:28:16.126;;;;;;;;132000_0034388251;;;;;;EDI+EDI;;Accept;;132000;2467;;123;Departures;;;;;;;;;;;;
D01/00000D494CF50007;132340229097104928;2020-05-15;16:28:29.710;application/x-bolt;25654;0950728642;132340228813790000;2020-05-15;16:28:01.379;;;;;;18008;132340228993870000;2020-05-15;16:28:19.387;;;;;;;;131900_0034388248;;;;Camera05;02;EDI+EDI;;Accept;;131900;2499;;123;Departures;;;;;;;;;;;;
D01/00000D494CFC0007;132340229147536526;2020-05-15;16:28:34.754;application/x-bolt;24221;0512513998;132340228897936000;2020-05-15;16:28:09.794;;;;;;18007;132340229078006000;2020-05-15;16:28:27.801;;;;;;;;132000_0034388249;;;;Camera04;06;EDI+EDI;;Accept;;132000;2489;;123;Departures;;;;;;;;;;;;
D01/00000D494D030006;132340229185698000;2020-05-15;16:28:38.570;application/x-bolt;23955;0512514003;132340228936226000;2020-05-15;16:28:13.623;;;;;;18008;132340229116306000;2020-05-15;16:28:31.631;;;;;;;;132000_0034388255;;;;Camera02;10;EDI+EDI;;Accept;;132000;2489;;123;Departures;;;;;;;;;;;;
D01/00000D494D090006;132340229237500728;2020-05-15;16:28:43.750;application/x-bolt;23640;0512514000;132340228988016000;2020-05-15;16:28:18.802;;;;;;18007;132340229168086000;2020-05-15;16:28:36.809;;;;;;;;132000_0034388252;;;;;;EDI+EDI;;Accept;;132000;2474;;123;Departures;;;;;;;;;;;;
D01/00000D494D0F0007;132340229323942024;2020-05-15;16:28:52.394;application/x-bolt;24618;0950728646;132340229040650000;2020-05-15;16:28:24.065;;;;;;18008;132340229220730000;2020-05-15;16:28:42.073;;;;;;;;131900_0034388254;;;;Camera06;02;EDI+EDI;;Accept;;131900;2569;;123;Departures;;;;;;;;;;;;
D01/00000D494D160007;132340229351134455;2020-05-15;16:28:55.113;application/x-bolt;27155;0512514005;132340229101546000;2020-05-15;16:28:30.155;;;;;;18007;132340229281616000;2020-05-15;16:28:48.162;;;;;;;;132000_0034388260;;;;;;EDI+EDI;;Accept;;132000;2483;;123;Departures;;;;;;;;;;;;
D01/00000D494D1D0007;132340229413425835;2020-05-15;16:29:01.343;application/x-bolt;27425;0512513999;132340229163916000;2020-05-15;16:28:36.392;;;;;;18007;132340229343986000;2020-05-15;16:28:54.399;;;;;;;;132000_0034388259;;;;;;EDI+EDI;;Accept;;132000;2495;;123;Departures;;;;;;;;;;;;
D01/00000D494D240006;132340229440027776;2020-05-15;16:29:04.003;application/x-bolt;21372;0512513956;132340229190576000;2020-05-15;16:28:39.058;;;;;;18006;132340229370636000;2020-05-15;16:28:57.064;;;;;;;;132000_0034388258;;;;;;EDI+EDI;;Accept;;132000;2484;;123;Departures;;;;;;;;;;;;
D01/00000D494D2A0006;132340229675662133;2020-05-15;16:29:27.566;application/x-bolt;23606;0512514008;132340229426156000;2020-05-15;16:29:02.616;;;;;;18007;132340229606226000;2020-05-15;16:29:20.623;;;;;;;;132000_0034388262;;;;Camera04;09;EDI+EDI;;Accept;;132000;4786;;123;Departures;;;;;;;;;;;;
D01/00000D494D300007;132340229903440012;2020-05-15;16:29:50.344;application/x-bolt;27016;0512514011;132340229653846000;2020-05-15;16:29:25.385;;;;;;18008;132340229833926000;2020-05-15;16:29:43.393;;;;;;;;132000_0034388267;;;;;;EDI+EDI;;Accept;;132000;2492;;123;Departures;;;;;;;;;;;;
D01/00000D494D37000A;132340230118177133;2020-05-15;16:30:11.818;application/x-bolt;36112;;132340229888806000;2020-05-15;16:29:48.881;;;;;;15956;132340230048366000;2020-05-15;16:30:04.837;;;10109;62;;Reject;2763;132000_0034388270;;;"Enrichment ""VCCLicense"" cancelled: no requester available / Enrichment ""VCCNoBSM"" cancelled: no requester available";;;VCS+VCS;;Cancel;;132000;2502;;123;Departures;;2;Cancelled: no requester available;Cancel;12945;;;2;Cancelled: no requester available;Cancel;12952;
D01/00000D494D410006;132340230353361117;2020-05-15;16:30:35.336;application/x-bolt;24084;0512513989 / 0390762845;132340230103826000;2020-05-15;16:30:10.383;;;;;;18007;132340230283896000;2020-05-15;16:30:28.390;;;;;;;;132000_0034388271;;;Multiple main barcodes detected;;;EDI+EDI;;Accept;;132000;2478;;123;Departures;;;;;;;;;;;;
D01/00000D494D470006;132340230648304396;2020-05-15;16:31:04.830;application/x-bolt;21427;0512514013;132340230398856000;2020-05-15;16:30:39.886;;;;;;18007;132340230578926000;2020-05-15;16:30:57.893;;;;;;;;132000_0034388273;;;;;;EDI+EDI;;Accept;;132000;2455;;123;Departures;;;;;;;;;;;;
D01/00000D494D4D0006;132340230679039748;2020-05-15;16:31:07.904;application/x-bolt;24158;0512514016;132340230429386000;2020-05-15;16:30:42.939;;;;;;18031;132340230609696000;2020-05-15;16:31:00.970;;;;;;;;132000_0034388276;;;;;;EDI+EDI;;Accept;;132000;2465;;123;Departures;;;;;;;;;;;;
D01/00000D494D530006;132340230703650050;2020-05-15;16:31:10.365;application/x-bolt;24150;0512514014;132340230453986000;2020-05-15;16:30:45.399;;;;;;18006;132340230634046000;2020-05-15;16:31:03.405;;;;;;;;132000_0034388274;;;;;;EDI+EDI;;Accept;;132000;2393;;123;Departures;;;;;;;;;;;;
D01/00000D494D590006;132340230747316065;2020-05-15;16:31:14.732;application/x-bolt;23785;0512514018;132340230497716000;2020-05-15;16:30:49.772;;;;;;18007;132340230677786000;2020-05-15;16:31:07.779;;;;;;;;132000_0034388277;;;;Camera04;05;EDI+EDI;;Accept;;132000;2462;;123;Departures;;;;;;;;;;;;
D01/00000D494D5F0006;132340230888562569;2020-05-15;16:31:28.856;application/x-bolt;23043;0512513909;132340230639186000;2020-05-15;16:31:03.919;;;;;;18008;132340230819266000;2020-05-15;16:31:21.927;;;;;;;;132000_0034388278;;;;Camera05;10;EDI+EDI;;Accept;;132000;3499;;123;Departures;;;;;;;;;;;;
D01/00000D494D650007;132340230921489731;2020-05-15;16:31:32.149;application/x-bolt;24911;0512514021;132340230671906000;2020-05-15;16:31:07.191;;;;;;18018;132340230852086000;2020-05-15;16:31:25.209;;;;;;;;132000_0034388280;;;;;;EDI+EDI;;Accept;;132000;2492;;123;Departures;;;;;;;;;;;;
D01/00000D494D6C0006;132340230946250153;2020-05-15;16:31:34.625;application/x-bolt;23258;0512513911;132340230696746000;2020-05-15;16:31:09.675;;;;;;18006;132340230876806000;2020-05-15;16:31:27.681;;;;;;;;132000_0034388281;;;;Camera04;03;EDI+EDI;;Accept;;132000;2420;;123;Departures;;;;;;;;;;;;
D01/00000D494D720006;132340230976965485;2020-05-15;16:31:37.697;application/x-bolt;23441;0512514017;132340230727296000;2020-05-15;16:31:12.730;;;;;;18027;132340230907566000;2020-05-15;16:31:30.757;;;;;;;;132000_0034388282;;;;;;EDI+EDI;;Accept;;132000;2462;;123;Departures;;;;;;;;;;;;
D01/00000D494D780007;132340231007931028;2020-05-15;16:31:40.793;application/x-bolt;25117;0512514020;132340230758056000;2020-05-15;16:31:15.806;;;;;;18047;132340230938526000;2020-05-15;16:31:33.853;;;;;;;;132000_0034388279;;;;Camera03;07;EDI+EDI;;Accept;;132000;2479;;123;Departures;;;;;;;;;;;;
D01/00000D494D7F0006;132340231086165557;2020-05-15;16:31:48.617;application/x-bolt;21220;0512514022;132340230836596000;2020-05-15;16:31:23.660;;;;;;18006;132340231016656000;2020-05-15;16:31:41.666;;;;;;;;132000_0034388284;;;;;;EDI+EDI;;Accept;;132000;3758;;123;Departures;;;;;;;;;;;;
D01/00000D494D850007;132340231180343236;2020-05-15;16:31:58.034;application/x-bolt;27536;0950728645;132340230897170000;2020-05-15;16:31:29.717;;;;;;18008;132340231077250000;2020-05-15;16:31:47.725;;;;;;;;131900_0034388256;;;;;;EDI+EDI;;Accept;;131900;2465;;123;Departures;;;;;;;;;;;;
D01/00000D494D8C0006;132340231201971080;2020-05-15;16:32:00.197;application/x-bolt;23150;0512514019;132340230952546000;2020-05-15;16:31:35.255;;;;;;18007;132340231132616000;2020-05-15;16:31:53.262;;;;;;;;132000_0034388283;;;;Camera06;04;EDI+EDI;;Accept;;132000;2458;;123;Departures;;;;;;;;;;;;
D01/00000D494D980007;132340231261870486;2020-05-15;16:32:06.187;application/x-bolt;26022;0950728648 / 0950728647;132340230978530000;2020-05-15;16:31:37.853;;;;;;18007;132340231158600000;2020-05-15;16:31:55.860;;;;;;;;131900_0034388266;;;Multiple main barcodes detected;Camera06;01;EDI+EDI;;Accept;;131900;2460;;123;Departures;;;;;;;;;;;;
D01/00000D494D920006;132340231247678781;2020-05-15;16:32:04.768;application/x-bolt;22310;0235878794 / 0512514023;132340230998146000;2020-05-15;16:31:39.815;;;;;;18007;132340231178216000;2020-05-15;16:31:57.822;;;;;;;;132000_0034388285;;;Multiple main barcodes detected;Camera03;08;EDI+EDI;;Accept;;132000;2526;;123;Departures;;;;;;;;;;;;
D01/00000D494D9F0007;132340231285760189;2020-05-15;16:32:08.576;application/x-bolt;25390;0950728649;132340231002370000;2020-05-15;16:31:40.237;;;;;;18008;132340231182450000;2020-05-15;16:31:58.245;;;;;;;;131900_0034388265;;;;;;EDI+EDI;;Accept;;131900;2451;;123;Departures;;;;;;;;;;;;
D01/00000D494DA60007;132340231311341291;2020-05-15;16:32:11.134;application/x-bolt;25110;0950728650;132340231028290000;2020-05-15;16:31:42.829;;;;;;18008;132340231208370000;2020-05-15;16:32:00.837;;;;;;;;131900_0034388269;;;;Camera05;01;EDI+EDI;;Accept;;131900;2492;;123;Departures;;;;;;;;;;;;
D01/00000D494DAD0007;132340231366736984;2020-05-15;16:32:16.674;application/x-bolt;25261;0950728651;132340231083460000;2020-05-15;16:31:48.346;;;;;;18007;132340231263530000;2020-05-15;16:32:06.353;;;;;;;;131900_0034388272;;;;Camera06;03;EDI+EDI;;Accept;;131900;2488;;123;Departures;;;;;;;;;;;;
D01/00000D494DB40007;132340231591562426;2020-05-15;16:32:39.156;application/x-bolt;26511;0512514025;132340231342076000;2020-05-15;16:32:14.208;;;;;;18006;132340231522136000;2020-05-15;16:32:32.214;;;;;;;;132000_0034388286;;;;;;EDI+EDI;;Accept;;132000;2481;;123;Departures;;;;;;;;;;;;
D01/00000D494DBB0006;132340231944313386;2020-05-15;16:33:14.431;application/x-bolt;23918;0512514027;132340231694696000;2020-05-15;16:32:49.470;;;;;;18007;132340231874766000;2020-05-15;16:33:07.477;;;;;;;;132000_0034388289;;;;;;EDI+EDI;;Accept;;132000;2512;;123;Departures;;;;;;;;;;;;
D01/00000D494DC10007;132340232346765332;2020-05-15;16:33:54.677;application/x-bolt;26031;0512514031;132340232097246000;2020-05-15;16:33:29.725;;;;;;18007;132340232277316000;2020-05-15;16:33:47.732;;;;;;;;132000_0034388291;;;;;;EDI+EDI;;Accept;;132000;2460;;123;Departures;;;;;;;;;;;;
D01/00000D494DC80006;132340232567227178;2020-05-15;16:34:16.723;application/x-bolt;23025;0512514029;132340232317616000;2020-05-15;16:33:51.762;;;;;;18008;132340232497696000;2020-05-15;16:34:09.770;;;;;;;;132000_0034388292;;;;Camera03;05;EDI+EDI;;Accept;;132000;2474;;123;Departures;;;;;;;;;;;;
D01/00000D494DCE0007;132340232680960991;2020-05-15;16:34:28.096;application/x-bolt;25315;0512514032;132340232431446000;2020-05-15;16:34:03.145;;;;;;18006;132340232611506000;2020-05-15;16:34:21.151;;;;;;;;132000_0034388293;;;;;;EDI+EDI;;Accept;;132000;4277;;123;Departures;;;;;;;;;;;;
D01/00000D494DD50007;132340232787058503;2020-05-15;16:34:38.706;application/x-bolt;25610;0512514036;132340232537526000;2020-05-15;16:34:13.753;;;;;;18007;132340232717596000;2020-05-15;16:34:31.760;;;;;;;;132000_0034388294;;;;;;EDI+EDI;;Accept;;132000;2442;;123;Departures;;;;;;;;;;;;
D01/00000D494DDC0007;132340232959921084;2020-05-15;16:34:55.992;application/x-bolt;24322;0512514035;132340232710326000;2020-05-15;16:34:31.033;;;;;;18006;132340232890386000;2020-05-15;16:34:49.039;;;;;;;;132000_0034388295;;;;;;EDI+EDI;;Accept;;132000;2467;;123;Departures;;;;;;;;;;;;
D01/00000D494DE30006;132340233024864651;2020-05-15;16:35:02.486;application/x-bolt;23999;0512514028 / 0512514037;132340232775566000;2020-05-15;16:34:37.557;;;;;;18008;132340232955646000;2020-05-15;16:34:55.565;;;;;;;;132000_0034388297;;;Multiple main barcodes detected;;;EDI+EDI;;Accept;;132000;2443;;123;Departures;;;;;;;;;;;;
D01/00000D494DE90006;132340233264242097;2020-05-15;16:35:26.424;application/x-bolt;21306;0512514038;132340233014696000;2020-05-15;16:35:01.470;;;;;;18007;132340233194766000;2020-05-15;16:35:19.477;;;;;;;;132000_0034388298;;;;;;EDI+EDI;;Accept;;132000;2485;;123;Departures;;;;;;;;;;;;
D01/00000D494DEF0006;132340233409261712;2020-05-15;16:35:40.926;application/x-bolt;23155;0512514040 / 0151662444;132340233159656000;2020-05-15;16:35:15.966;;;;;;18007;132340233339726000;2020-05-15;16:35:33.973;;;;;;;;132000_0034388300;;;Multiple main barcodes detected;;;EDI+EDI;;Accept;;132000;2465;;123;Departures;;;;;;;;;;;;
D01/00000D494DF50007;132340233523415871;2020-05-15;16:35:52.342;application/x-bolt;24503;0512514039 / 0512417538;132340233273796000;2020-05-15;16:35:27.380;;;;;;18007;132340233453866000;2020-05-15;16:35:45.387;;;;;;;;132000_0034388301;;;Multiple main barcodes detected;;;EDI+EDI;;Accept;;132000;2461;;123;Departures;;;;;;;;;;;;
D01/00000D494DFC0007;132340233610377599;2020-05-15;16:36:01.038;application/x-bolt;24236;0512514041;132340233361086000;2020-05-15;16:35:36.109;;;;;;18007;132340233541156000;2020-05-15;16:35:54.116;;;;;;;;132000_0034388302;;;;;;EDI+EDI;;Accept;;132000;3293;;123;Departures;;;;;;;;;;;;
D01/00000D494E030007;132340233654423929;2020-05-15;16:36:05.442;application/x-bolt;25709;0950728655;132340233370920000;2020-05-15;16:35:37.092;;;;;;18008;132340233551000000;2020-05-15;16:35:55.100;;;;;;;;131900_0034388299;;;;;;EDI+EDI;;Accept;;131900;2574;;123;Departures;;;;;;;;;;;;
D01/00000D494E0A0006;132340233668365428;2020-05-15;16:36:06.837;application/x-bolt;21199;0512514044;132340233418926000;2020-05-15;16:35:41.893;;;;;;18006;132340233598986000;2020-05-15;16:35:59.899;;;;;;;;132000_0034388303;;;;;;EDI+EDI;;Accept;;132000;2483;;123;Departures;;;;;;;;;;;;
D01/00000D494E160007;132340233757278768;2020-05-15;16:36:15.728;application/x-bolt;24590;0950728653;132340233473960000;2020-05-15;16:35:47.396;;;;;;18007;132340233654030000;2020-05-15;16:36:05.403;;;;;;;;131900_0034388307;;;;Camera06;04;EDI+EDI;;Accept;;131900;2517;;123;Departures;;;;;;;;;;;;
D01/00000D494E100006;132340233734439927;2020-05-15;16:36:13.444;application/x-bolt;23547;0512514043;132340233485006000;2020-05-15;16:35:48.501;;;;;;18007;132340233665076000;2020-05-15;16:36:06.508;;;;;;;;132000_0034388304;;;;Camera02;11;EDI+EDI;;Accept;;132000;2483;;123;Departures;;;;;;;;;;;;
D01/00000D494E1D0006;132340234017752149;2020-05-15;16:36:41.775;application/x-bolt;23021;0512514049;132340233768066000;2020-05-15;16:36:16.807;;;;;;18019;132340233948256000;2020-05-15;16:36:34.826;;;;;;;;132000_0034388306;;;;Camera03;05;EDI+EDI;;Accept;;132000;2612;;123;Departures;;;;;;;;;;;;
D01/00000D494E230006;132340234136707865;2020-05-15;16:36:53.671;application/x-bolt;23727;0512514047;132340233887096000;2020-05-15;16:36:28.710;;;;;;18009;132340234067186000;2020-05-15;16:36:46.719;;;;;;;;132000_0034388305;;;;Camera03;06;EDI+EDI;;Accept;;132000;2428;;123;Departures;;;;;;;;;;;;
D01/00000D494E290006;132340234162360667;2020-05-15;16:36:56.236;application/x-bolt;21331;0512514051;132340233912866000;2020-05-15;16:36:31.287;;;;;;18007;132340234092936000;2020-05-15;16:36:49.294;;;;;;;;132000_0034388308;;;;;;EDI+EDI;;Accept;;132000;2458;;123;Departures;;;;;;;;;;;;
D01/00000D494E2F0006;132340234308480523;2020-05-15;16:37:10.848;application/x-bolt;24021;0512514053;132340234058976000;2020-05-15;16:36:45.898;;;;;;18006;132340234239036000;2020-05-15;16:37:03.904;;;;;;;;132000_0034388310;;;;;;EDI+EDI;;Accept;;132000;2462;;123;Departures;;;;;;;;;;;;
D01/00000D494E350007;132340234360947155;2020-05-15;16:37:16.095;application/x-bolt;25086;0512514050;132340234111496000;2020-05-15;16:36:51.150;;;;;;18006;132340234291556000;2020-05-15;16:37:09.156;;;;;;;;132000_0034388309;;;;;;EDI+EDI;;Accept;;132000;2472;;123;Departures;;;;;;;;;;;;
D01/00000D494E3C0006;132340234422952259;2020-05-15;16:37:22.295;application/x-bolt;22960;0512514042;132340234173436000;2020-05-15;16:36:57.344;;;;;;18006;132340234353496000;2020-05-15;16:37:15.350;;;;;;;;132000_0034388312;;;;Camera05;03;EDI+EDI;;Accept;;132000;2455;;123;Departures;;;;;;;;;;;;
D01/00000D494E420007;132340234509048779;2020-05-15;16:37:30.905;application/x-bolt;27545;0512514054;132340234259496000;2020-05-15;16:37:05.950;;;;;;18006;132340234439556000;2020-05-15;16:37:23.956;;;;;;;;132000_0034388314;;;;;;EDI+EDI;;Accept;;132000;2490;;123;Departures;;;;;;;;;;;;
D01/00000D494E4F0008;132340234553908646;2020-05-15;16:37:35.391;application/x-bolt;29264;0950728654;132340234270340000;2020-05-15;16:37:07.034;;;;;;18008;132340234450420000;2020-05-15;16:37:25.042;;;;;;;;131900_0034388311;;;;;;EDI+EDI;;Accept;;131900;2543;;123;Departures;;;;;;;;;;;;
D01/00000D494E490006;132340234537774304;2020-05-15;16:37:33.777;application/x-bolt;21425;0512514060;132340234288116000;2020-05-15;16:37:08.812;;;;;;18007;132340234468186000;2020-05-15;16:37:26.819;;;;;;;;132000_0034388315;;;;;;EDI+EDI;;Accept;;132000;2454;;123;Departures;;;;;;;;;;;;
D01/00000D494E570007;132340234697706443;2020-05-15;16:37:49.771;application/x-bolt;25375;0950728657;132340234414350000;2020-05-15;16:37:21.435;;;;;;18007;132340234594420000;2020-05-15;16:37:39.442;;;;;;;;131900_0034388313;;;;;;EDI+EDI;;Accept;;131900;2519;;123;Departures;;;;;;;;;;;;
D01/00000D494E5E0007;132340234704102123;2020-05-15;16:37:50.410;application/x-bolt;24908;0512514056;132340234454456000;2020-05-15;16:37:25.446;;;;;;18008;132340234634536000;2020-05-15;16:37:43.454;;;;;;;;132000_0034388316;;;;;;EDI+EDI;;Accept;;132000;2429;;123;Departures;;;;;;;;;;;;
D01/00000D494E650007;132340234850552282;2020-05-15;16:38:05.055;application/x-bolt;25142;0512514058;132340234600856000;2020-05-15;16:37:40.086;;;;;;18007;132340234780926000;2020-05-15;16:37:58.093;;;;;;;;132000_0034388320;;;;;;EDI+EDI;;Accept;;132000;2456;;123;Departures;;;;;;;;;;;;
D01/00000D494E6C0006;132340234882220424;2020-05-15;16:38:08.222;application/x-bolt;23824;0512514064;132340234632696000;2020-05-15;16:37:43.270;;;;;;18008;132340234812776000;2020-05-15;16:38:01.278;;;;;;;;132000_0034388317;;;;;;EDI+EDI;;Accept;;132000;2476;;123;Departures;;;;;;;;;;;;
D01/00000D494E720007;132340234907202626;2020-05-15;16:38:10.720;application/x-bolt;26662;0512514061;132340234657626000;2020-05-15;16:37:45.763;;;;;;18006;132340234837686000;2020-05-15;16:38:03.769;;;;;;;;132000_0034388318;;;;;;EDI+EDI;;Accept;;132000;2215;;123;Departures;;;;;;;;;;;;
D01/00000D494E790006;132340234993979748;2020-05-15;16:38:19.398;application/x-bolt;23432;0512514066;132340234744486000;2020-05-15;16:37:54.449;;;;;;18007;132340234924556000;2020-05-15;16:38:12.456;;;;;;;;132000_0034388319;;;;;;EDI+EDI;;Accept;;132000;4966;;123;Departures;;;;;;;;;;;;
D01/00000D494E7F0006;132340235217368275;2020-05-15;16:38:41.737;application/x-bolt;23745;0512514067;132340234967706000;2020-05-15;16:38:16.771;;;;;;18007;132340235147776000;2020-05-15;16:38:34.778;;;;;;;;132000_0034388321;;;;Camera04;01;EDI+EDI;;Accept;;132000;2644;;123;Departures;;;;;;;;;;;;
D01/00000D494E850007;132340235237926547;2020-05-15;16:38:43.793;application/x-bolt;24606;0390762881 / 0512513995;132340234988376000;2020-05-15;16:38:18.838;;;;;;18006;132340235168436000;2020-05-15;16:38:36.844;;;;;;;;132000_0034388322;;;Multiple main barcodes detected;Camera06;02;EDI+EDI;;Accept;;132000;2493;;123;Departures;;;;;;;;;;;;
D01/00000D494E8C0007;132340235273077787;2020-05-15;16:38:47.308;application/x-bolt;24568;0512514063;132340235023516000;2020-05-15;16:38:22.352;;;;;;18007;132340235203586000;2020-05-15;16:38:40.359;;;;;;;;132000_0034388323;;;;;;EDI+EDI;;Accept;;132000;2504;;123;Departures;;;;;;;;;;;;
D01/00000D494E930007;132340235346553088;2020-05-15;16:38:54.655;application/x-bolt;25158;0512514072;132340235096966000;2020-05-15;16:38:29.697;;;;;;18007;132340235277036000;2020-05-15;16:38:47.704;;;;;;;;132000_0034388324;;;;;;EDI+EDI;;Accept;;132000;2486;;123;Departures;;;;;;;;;;;;
D01/00000D494E9A0007;132340235436222781;2020-05-15;16:39:03.622;application/x-bolt;24209;0512514059;132340235186666000;2020-05-15;16:38:38.667;;;;;;18007;132340235366736000;2020-05-15;16:38:56.674;;;;;;;;132000_0034388325;;;;Camera05;01;EDI+EDI;;Accept;;132000;2511;;123;Departures;;;;;;;;;;;;
D01/00000D494EA10007;132340235728102180;2020-05-15;16:39:32.810;application/x-bolt;25311;0512514074;132340235478366000;2020-05-15;16:39:07.837;;;;;;18008;132340235658446000;2020-05-15;16:39:25.845;;;;;;;;132000_0034388326;;;;;;EDI+EDI;;Accept;;132000;2495;;123;Departures;;;;;;;;;;;;
D01/00000D494EA80006;132340235790427569;2020-05-15;16:39:39.043;application/x-bolt;22724;0512514079;132340235540666000;2020-05-15;16:39:14.067;;;;;;18007;132340235720736000;2020-05-15;16:39:32.074;;;;;;;;132000_0034388327;;;;Camera01;12;EDI+EDI;;Accept;;132000;2470;;123;Departures;;;;;;;;;;;;
D01/00000D494EAE0007;132340235923315672;2020-05-15;16:39:52.332;application/x-bolt;24843;0512514076;132340235673196000;2020-05-15;16:39:27.320;;;;;;18007;132340235853266000;2020-05-15;16:39:45.327;;;;;;;;132000_0034388328;;;;;;EDI+EDI;;Accept;;132000;2461;;123;Departures;;;;;;;;;;;;
D01/00000D494EB50006;132340236081486245;2020-05-15;16:40:08.149;application/x-bolt;23872;0512514082;132340235831736000;2020-05-15;16:39:43.174;;;;;;18007;132340236011806000;2020-05-15;16:40:01.181;;;;;;;;132000_0034388329;;;;;;EDI+EDI;;Accept;;132000;2505;;123;Departures;;;;;;;;;;;;
D01/00000D494EBB0006;132340236108500251;2020-05-15;16:40:10.850;application/x-bolt;21159;0512514084;132340235858856000;2020-05-15;16:39:45.886;;;;;;18007;132340236038926000;2020-05-15;16:40:03.893;;;;;;;;132000_0034388331;;;;;;EDI+EDI;;Accept;;132000;2492;;123;Departures;;;;;;;;;;;;
D01/00000D494EC10006;132340236163719323;2020-05-15;16:40:16.372;application/x-bolt;23764;0512513929;132340235914076000;2020-05-15;16:39:51.408;;;;;;18007;132340236094146000;2020-05-15;16:40:09.415;;;;;;;;132000_0034388334;;;;;;EDI+EDI;;Accept;;132000;2483;;123;Departures;;;;;;;;;;;;
D01/00000D494EC70007;132340236214234217;2020-05-15;16:40:21.423;application/x-bolt;25136;0512514080;132340235964526000;2020-05-15;16:39:56.453;;;;;;18007;132340236144596000;2020-05-15;16:40:14.460;;;;;;;;132000_0034388330;;;;;;EDI+EDI;;Accept;;132000;2485;;123;Departures;;;;;;;;;;;;
D01/00000D494ECE0006;132340236447991967;2020-05-15;16:40:44.799;application/x-bolt;23636;0512514085;132340236198166000;2020-05-15;16:40:19.817;;;;;;18007;132340236378236000;2020-05-15;16:40:37.824;;;;;;;;132000_0034388335;;;;;;EDI+EDI;;Accept;;132000;2474;;123;Departures;;;;;;;;;;;;
D01/00000D494ED40006;132340236515001516;2020-05-15;16:40:51.500;application/x-bolt;24041;0523530931;132340236265256000;2020-05-15;16:40:26.526;;;;;;18008;132340236445336000;2020-05-15;16:40:44.534;;;;;;;;132000_0034388332;;;;Camera04;01;EDI+EDI;;Accept;;132000;4887;;123;Departures;;;;;;;;;;;;
D01/00000D494EDA0007;132340236569029533;2020-05-15;16:40:56.903;application/x-bolt;24900;0523530930;132340236319226000;2020-05-15;16:40:31.923;;;;;;18006;132340236499286000;2020-05-15;16:40:49.929;;;;;;;;132000_0034388333;;;;;;EDI+EDI;;Accept;;132000;2543;;123;Departures;;;;;;;;;;;;
D01/00000D494EE10007;132340236625599811;2020-05-15;16:41:02.560;application/x-bolt;25235;0523520020;132340236376086000;2020-05-15;16:40:37.609;;;;;;18006;132340236556146000;2020-05-15;16:40:55.615;;;;;;;;132000_0034388336;;;;;;EDI+EDI;;Accept;;132000;2479;;123;Departures;;;;;;;;;;;;
D01/00000D494EE80006;132340236711686318;2020-05-15;16:41:11.169;application/x-bolt;23862;0512514088 / 0512585709;132340236461966000;2020-05-15;16:40:46.197;;;;;;18006;132340236642026000;2020-05-15;16:41:04.203;;;;;;;;132000_0034388339;;;Multiple main barcodes detected;;;EDI+EDI;;Accept;;132000;5208;;123;Departures;;;;;;;;;;;;
D01/00000D494EEE0006;132340236851550620;2020-05-15;16:41:25.155;application/x-bolt;23446;0512514086;132340236602026000;2020-05-15;16:41:00.203;;;;;;18007;132340236782096000;2020-05-15;16:41:18.210;;;;;;;;132000_0034388340;;;;Camera03;06;EDI+EDI;;Accept;;132000;2492;;123;Departures;;;;;;;;;;;;
D01/00000D494EF40007;132340236881196967;2020-05-15;16:41:28.120;application/x-bolt;24997;0523366574;132340236631546000;2020-05-15;16:41:03.155;;;;;;18007;132340236811616000;2020-05-15;16:41:21.162;;;;;;;;132000_0034388337;;;;;;EDI+EDI;;Accept;;132000;2489;;123;Departures;;;;;;;;;;;;
D01/00000D494EFB0007;132340236933511274;2020-05-15;16:41:33.351;application/x-bolt;25260;0512514089;132340236683766000;2020-05-15;16:41:08.377;;;;;;18006;132340236863826000;2020-05-15;16:41:26.383;;;;;;;;132000_0034388341;;;;;;EDI+EDI;;Accept;;132000;2517;;123;Departures;;;;;;;;;;;;
D01/00000D494F020007;132340237030513179;2020-05-15;16:41:43.051;application/x-bolt;24383;0512514090;132340236780806000;2020-05-15;16:41:18.081;;;;;;18007;132340236960876000;2020-05-15;16:41:36.088;;;;;;;;132000_0034388342;;;;;;EDI+EDI;;Accept;;132000;2501;;123;Departures;;;;;;;;;;;;
D01/00000D494F090007;132340237188576638;2020-05-15;16:41:58.858;application/x-bolt;26367;0512514094;132340236939186000;2020-05-15;16:41:33.919;;;;;;18007;132340237119256000;2020-05-15;16:41:51.926;;;;;;;;132000_0034388345;;;;;;EDI+EDI;;Accept;;132000;2502;;123;Departures;;;;;;;;;;;;
D01/00000D494F100007;132340237279603496;2020-05-15;16:42:07.960;application/x-bolt;24699;0950728658;132340236995920000;2020-05-15;16:41:39.592;;;;;;18008;132340237176000000;2020-05-15;16:41:57.600;;;;;;;;131900_0034388343;;;;Camera05;03;EDI+EDI;;Accept;;131900;2395;;123;Departures;;;;;;;;;;;;
D01/00000D494F170007;132340237401606509;2020-05-15;16:42:20.161;application/x-bolt;24970;0512514099;132340237151576000;2020-05-15;16:41:55.158;;;;;;18007;132340237331646000;2020-05-15;16:42:13.165;;;;;;;;132000_0034388347;;;;;;EDI+EDI;;Accept;;132000;2479;;123;Departures;;;;;;;;;;;;
D01/00000D494F1E0007;132340237452109147;2020-05-15;16:42:25.211;application/x-bolt;24980;0950728659;132340237168460000;2020-05-15;16:41:56.846;;;;;;18008;132340237348540000;2020-05-15;16:42:14.854;;;;;;;;131900_0034388344;;;;Camera03;12;EDI+EDI;;Accept;;131900;2778;;123;Departures;;;;;;;;;;;;
D01/00000D494F250007;132340237589955538;2020-05-15;16:42:38.996;application/x-bolt;25252;0523447940;132340237340076000;2020-05-15;16:42:14.008;;;;;;18009;132340237520166000;2020-05-15;16:42:32.017;;;;;;;;132000_0034388346;;;;;;EDI+EDI;;Accept;;132000;2523;;123;Departures;;;;;;;;;;;;
D01/00000D494F2C0007;132340237682243462;2020-05-15;16:42:48.224;application/x-bolt;25316;0950728660;132340237398600000;2020-05-15;16:42:19.860;;;;;;18008;132340237578680000;2020-05-15;16:42:37.868;;;;;;;;131900_0034388348;;;;;;EDI+EDI;;Accept;;131900;2448;;123;Departures;;;;;;;;;;;;
D01/00000D494F330007;132340237684305199;2020-05-15;16:42:48.431;application/x-bolt;25003;0512514102;132340237434596000;2020-05-15;16:42:23.460;;;;;;18007;132340237614666000;2020-05-15;16:42:41.467;;;;;;;;132000_0034388349;;;;;;EDI+EDI;;Accept;;132000;2487;;123;Departures;;;;;;;;;;;;
D01/00000D494F3A0006;132340238216994969;2020-05-15;16:43:41.699;application/x-bolt;21193;0523574447;132340237967226000;2020-05-15;16:43:16.723;;;;;;18008;132340238147306000;2020-05-15;16:43:34.731;;;;;;;;132000_0034388352;;;;;;EDI+EDI;;Accept;;132000;2686;;123;Departures;;;;;;;;;;;;
D01/00000D494F400007;132340238377800747;2020-05-15;16:43:57.780;application/x-bolt;26417;0512514105;132340238127946000;2020-05-15;16:43:32.795;;;;;;18007;132340238308016000;2020-05-15;16:43:50.802;;;;;;;;132000_0034388350;;;;;;EDI+EDI;;Accept;;132000;2487;;123;Departures;;;;;;;;;;;;
D01/00000D494F470007;132340238458078526;2020-05-15;16:44:05.808;application/x-bolt;25283;0512514110;132340238207856000;2020-05-15;16:43:40.786;;;;;;18007;132340238387926000;2020-05-15;16:43:58.793;;;;;;;;132000_0034388356;;;;;;EDI+EDI;;Accept;;132000;2630;;123;Departures;;;;;;;;;;;;
D01/00000D494F4E0007;132340238492827866;2020-05-15;16:44:09.283;application/x-bolt;24470;0512514093;132340238242976000;2020-05-15;16:43:44.298;;;;;;18007;132340238423046000;2020-05-15;16:44:02.305;;;;;;;;132000_0034388354;;;;;;EDI+EDI;;Accept;;132000;2488;;123;Departures;;;;;;;;;;;;
D01/00000D494F550007;132340238595354435;2020-05-15;16:44:19.535;application/x-bolt;24251;0523541584;132340238345466000;2020-05-15;16:43:54.547;;;;;;18006;132340238525526000;2020-05-15;16:44:12.553;;;;;;;;132000_0034388353;;;;Camera02;10;EDI+EDI;;Accept;;132000;2491;;123;Departures;;;;;;;;;;;;
D01/00000D494F5C0007;132340238620535694;2020-05-15;16:44:22.054;application/x-bolt;24505;0512514113;132340238371006000;2020-05-15;16:43:57.101;;;;;;18007;132340238551076000;2020-05-15;16:44:15.108;;;;;;;;132000_0034388358;;;;;;EDI+EDI;;Accept;;132000;2499;;123;Departures;;;;;;;;;;;;
D01/00000D494F630007;132340238645556823;2020-05-15;16:44:24.556;application/x-bolt;26245;0512514115;132340238395776000;2020-05-15;16:43:59.578;;;;;;18007;132340238575846000;2020-05-15;16:44:17.585;;;;;;;;132000_0034388357;;;;;;EDI+EDI;;Accept;;132000;2578;;123;Departures;;;;;;;;;;;;
D01/00000D494F6A0007;132340238697660818;2020-05-15;16:44:29.766;application/x-bolt;24808;0512514106;132340238447856000;2020-05-15;16:44:04.786;;;;;;18006;132340238627916000;2020-05-15;16:44:22.792;;;;;;;;132000_0034388355;;;;;;EDI+EDI;;Accept;;132000;2494;;123;Departures;;;;;;;;;;;;
D01/00000D494F710007;132340238782602538;2020-05-15;16:44:38.260;application/x-bolt;24869;0512514104;132340238532876000;2020-05-15;16:44:13.288;;;;;;18006;132340238712936000;2020-05-15;16:44:31.294;;;;;;;;132000_0034388361;;;;;;EDI+EDI;;Accept;;132000;2610;;123;Departures;;;;;;;;;;;;
D01/00000D494F780007;132340238805061499;2020-05-15;16:44:40.506;application/x-bolt;25776;0512514114;132340238555336000;2020-05-15;16:44:15.534;;;;;;18010;132340238735436000;2020-05-15;16:44:33.544;;;;;;;;132000_0034388364;;;;;;EDI+EDI;;Accept;;132000;2503;;123;Departures;;;;;;;;;;;;
D01/00000D494F7F0007;132340238843594032;2020-05-15;16:44:44.359;application/x-bolt;24916;0512514107;132340238593646000;2020-05-15;16:44:19.365;;;;;;18008;132340238773726000;2020-05-15;16:44:37.373;;;;;;;;132000_0034388360;;;;;;EDI+EDI;;Accept;;132000;2513;;123;Departures;;;;;;;;;;;;
D01/00000D494F860006;132340238860868624;2020-05-15;16:44:46.087;application/x-bolt;21273;0512514100;132340238611016000;2020-05-15;16:44:21.102;;;;;;18009;132340238791106000;2020-05-15;16:44:39.111;;;;;;;;132000_0034388362;;;;;;EDI+EDI;;Accept;;132000;2486;;123;Departures;;;;;;;;;;;;
D01/00000D494F8C0006;132340239009984521;2020-05-15;16:45:00.998;application/x-bolt;23977;0512514119;132340238760166000;2020-05-15;16:44:36.017;;;;;;18006;132340238940226000;2020-05-15;16:44:54.023;;;;;;;;132000_0034388365;;;;;;EDI+EDI;;Accept;;132000;3408;;123;Departures;;;;;;;;;;;;
D01/00000D494F920007;132340239041100796;2020-05-15;16:45:04.110;application/x-bolt;25814;0512514122;132340238791546000;2020-05-15;16:44:39.155;;;;;;18007;132340238971616000;2020-05-15;16:44:57.162;;;;;;;;132000_0034388367;;;;;;EDI+EDI;;Accept;;132000;2488;;123;Departures;;;;;;;;;;;;
D01/00000D494FA00007;132340239090412432;2020-05-15;16:45:09.041;application/x-bolt;26262;0950728663;132340238806660000;2020-05-15;16:44:40.666;;;;;;18007;132340238986730000;2020-05-15;16:44:58.673;;;;;;;;131900_0034388363;;;;;;EDI+EDI;;Accept;;131900;2428;;123;Departures;;;;;;;;;;;;
D01/00000D494F990007;132340239063579772;2020-05-15;16:45:06.358;application/x-bolt;25248;0512514124;132340238813956000;2020-05-15;16:44:41.396;;;;;;18007;132340238994026000;2020-05-15;16:44:59.403;;;;;;;;132000_0034388366;;;;;;EDI+EDI;;Accept;;132000;2505;;123;Departures;;;;;;;;;;;;
D01/00000D494FA70007;132340239292142758;2020-05-15;16:45:29.214;application/x-bolt;26204;0512514125;132340239042346000;2020-05-15;16:45:04.235;;;;;;18007;132340239222416000;2020-05-15;16:45:22.242;;;;;;;;132000_0034388369;;;;;;EDI+EDI;;Accept;;132000;2501;;123;Departures;;;;;;;;;;;;
D01/00000D494FAE0006;132340239317474150;2020-05-15;16:45:31.747;application/x-bolt;23100;0512514126;132340239067586000;2020-05-15;16:45:06.759;;;;;;18006;132340239247646000;2020-05-15;16:45:24.765;;;;;;;;132000_0034388370;;;;Camera06;06;EDI+EDI;;Accept;;132000;2418;;123;Departures;;;;;;;;;;;;
D01/00000D494FBB0007;132340239380107032;2020-05-15;16:45:38.011;application/x-bolt;24867;0950728662;132340239096330000;2020-05-15;16:45:09.633;;;;;;18008;132340239276410000;2020-05-15;16:45:27.641;;;;;;;;131900_0034388368;;;;Camera05;01;EDI+EDI;;Accept;;131900;2451;;123;Departures;;;;;;;;;;;;
D01/00000D494FB40007;132340239359940003;2020-05-15;16:45:35.994;application/x-bolt;25526;0512514129;132340239109996000;2020-05-15;16:45:11.000;;;;;;18006;132340239290056000;2020-05-15;16:45:29.006;;;;;;;;132000_0034388371;;;;;;EDI+EDI;;Accept;;132000;2515;;123;Departures;;;;;;;;;;;;
D01/00000D494FC20007;132340239500008276;2020-05-15;16:45:50.001;application/x-bolt;25083;0512514127;132340239250186000;2020-05-15;16:45:25.019;;;;;;18007;132340239430256000;2020-05-15;16:45:43.026;;;;;;;;132000_0034388372;;;;;;EDI+EDI;;Accept;;132000;2514;;123;Departures;;;;;;;;;;;;
D01/00000D494FC90007;132340239778603498;2020-05-15;16:46:17.860;application/x-bolt;25555;0512514131;132340239528706000;2020-05-15;16:45:52.871;;;;;;18008;132340239708786000;2020-05-15;16:46:10.879;;;;;;;;132000_0034388373;;;;;;EDI+EDI;;Accept;;132000;2506;;123;Departures;;;;;;;;;;;;
D01/00000D494FD00007;132340239983405116;2020-05-15;16:46:38.341;application/x-bolt;24629;0512514136;132340239733496000;2020-05-15;16:46:13.350;;;;;;18009;132340239913586000;2020-05-15;16:46:31.359;;;;;;;;132000_0034388375;;;;;;EDI+EDI;;Accept;;132000;2484;;123;Departures;;;;;;;;;;;;
D01/00000D494FD70007;132340240140845984;2020-05-15;16:46:54.085;application/x-bolt;24867;0950728665;132340239857080000;2020-05-15;16:46:25.708;;;;;;18009;132340240037170000;2020-05-15;16:46:43.717;;;;;;;;131900_0034388374;;;;Camera05;05;EDI+EDI;;Accept;;131900;2491;;123;Departures;;;;;;;;;;;;
D01/00000D494FDE0007;132340240180068575;2020-05-15;16:46:58.007;application/x-bolt;25044;0512514130;132340239930136000;2020-05-15;16:46:33.014;;;;;;18014;132340240110276000;2020-05-15;16:46:51.028;;;;;;;;132000_0034388376;;;;;;EDI+EDI;;Accept;;132000;2514;;123;Departures;;;;;;;;;;;;
D01/00000D494FE50006;132340240307134188;2020-05-15;16:47:10.713;application/x-bolt;23739;0512514139;132340240057446000;2020-05-15;16:46:45.745;;;;;;18007;132340240237516000;2020-05-15;16:47:03.752;;;;;;;;132000_0034388377;;;;Camera02;10;EDI+EDI;;Accept;;132000;5675;;123;Departures;;;;;;;;;;;;
D01/00000D494FEB0007;132340240333896431;2020-05-15;16:47:13.390;application/x-bolt;24916;0512514140;132340240084126000;2020-05-15;16:46:48.413;;;;;;18008;132340240264206000;2020-05-15;16:47:06.421;;;;;;;;132000_0034388381;;;;;;EDI+EDI;;Accept;;132000;3464;;123;Departures;;;;;;;;;;;;
D01/00000D494FF20006;132340240369706198;2020-05-15;16:47:16.971;application/x-bolt;21399;0512514134;132340240120126000;2020-05-15;16:46:52.013;;;;;;18007;132340240300196000;2020-05-15;16:47:10.020;;;;;;;;132000_0034388380;;;;;;EDI+EDI;;Accept;;132000;2453;;123;Departures;;;;;;;;;;;;
D01/00000D494FF80006;132340240428414999;2020-05-15;16:47:22.841;application/x-bolt;22901;0512514138;132340240178666000;2020-05-15;16:46:57.867;;;;;;18007;132340240358736000;2020-05-15;16:47:15.874;;;;;;;;132000_0034388378;;;;Camera01;09;EDI+EDI;;Accept;;132000;2471;;123;Departures;;;;;;;;;;;;
D01/00000D494FFE0006;132340240559053579;2020-05-15;16:47:35.905;application/x-bolt;23355;0523563541;132340240309256000;2020-05-15;16:47:10.926;;;;;;18007;132340240489326000;2020-05-15;16:47:28.933;;;;;;;;132000_0034388379;;;;Camera05;01;EDI+EDI;;Accept;;132000;2457;;123;Departures;;;;;;;;;;;;
D01/00000D4950040006;132340240658135930;2020-05-15;16:47:45.814;application/x-bolt;21187;0512514143;132340240408296000;2020-05-15;16:47:20.830;;;;;;18007;132340240588366000;2020-05-15;16:47:38.837;;;;;;;;132000_0034388384;;;;;;EDI+EDI;;Accept;;132000;2579;;123;Departures;;;;;;;;;;;;
D01/00000D49500A0007;132340240768697827;2020-05-15;16:47:56.870;application/x-bolt;24586;0950728666;132340240485180000;2020-05-15;16:47:28.518;;;;;;18008;132340240665260000;2020-05-15;16:47:46.526;;;;;;;;131900_0034388382;;;;Camera03;11;EDI+EDI;;Accept;;131900;2470;;123;Departures;;;;;;;;;;;;
D01/00000D4950110006;132340240809811997;2020-05-15;16:48:00.981;application/x-bolt;23177;0523504781;132340240559946000;2020-05-15;16:47:35.995;;;;;;18006;132340240740006000;2020-05-15;16:47:54.001;;;;;;;;132000_0034388383;;;;Camera05;09;EDI+EDI;;Accept;;132000;3426;;123;Departures;;;;;;;;;;;;
D01/00000D4950170007;132340240837284831;2020-05-15;16:48:03.728;application/x-bolt;24235;0512514146;132340240587496000;2020-05-15;16:47:38.750;;;;;;18007;132340240767566000;2020-05-15;16:47:56.757;;;;;;;;132000_0034388387;;;;;;EDI+EDI;;Accept;;132000;2485;;123;Departures;;;;;;;;;;;;
D01/00000D4950250007;132340241059429473;2020-05-15;16:48:25.943;application/x-bolt;25804;0950728667;132340240775640000;2020-05-15;16:47:57.564;;;;;;18008;132340240955720000;2020-05-15;16:48:15.572;;;;;;;;131900_0034388386;;;;;;EDI+EDI;;Accept;;131900;2465;;123;Departures;;;;;;;;;;;;
D01/00000D49501E0007;132340241039623012;2020-05-15;16:48:23.962;application/x-bolt;24541;0523440199;132340240789676000;2020-05-15;16:47:58.968;;;;;;18018;132340240969856000;2020-05-15;16:48:16.986;;;;;;;;132000_0034388385;;;;;;EDI+EDI;;Accept;;132000;2513;;123;Departures;;;;;;;;;;;;
D01/00000D49502C0006;132340241066405266;2020-05-15;16:48:26.641;application/x-bolt;23597;0512514147;132340240814676000;2020-05-15;16:48:01.468;;;;;;18204;132340240996716000;2020-05-15;16:48:19.672;;;;;;;;132000_0034388389;;;;Camera05;01;EDI+EDI;;Accept;;132000;2464;;123;Departures;;;;;;;;;;;;
D01/00000D4950320007;132340241107879743;2020-05-15;16:48:30.788;application/x-bolt;24404;0512514149;132340240858086000;2020-05-15;16:48:05.809;;;;;;18007;132340241038156000;2020-05-15;16:48:23.816;;;;;;;;132000_0034388388;;;;;;EDI+EDI;;Accept;;132000;2495;;123;Departures;;;;;;;;;;;;
D01/00000D4950390007;132340241222595092;2020-05-15;16:48:42.260;application/x-bolt;26184;0512514156;132340240972066000;2020-05-15;16:48:17.207;;;;;;18007;132340241152136000;2020-05-15;16:48:35.214;;;;;;;;132000_0034388392;;;;;;EDI+EDI;;Accept;;132000;2487;;123;Departures;;;;;;;;;;;;
D01/00000D4950400007;132340241258044557;2020-05-15;16:48:45.804;application/x-bolt;26665;0512514154;132340241008176000;2020-05-15;16:48:20.818;;;;;;18006;132340241188236000;2020-05-15;16:48:38.824;;;;;;;;132000_0034388391;;;;;;EDI+EDI;;Accept;;132000;2484;;123;Departures;;;;;;;;;;;;
D01/00000D4950470007;132340241408909951;2020-05-15;16:49:00.891;application/x-bolt;25746;0523507880;132340241159046000;2020-05-15;16:48:35.905;;;;;;18007;132340241339116000;2020-05-15;16:48:53.912;;;;;;;;132000_0034388390;;;;;;EDI+EDI;;Accept;;132000;3512;;123;Departures;;;;;;;;;;;;
D01/00000D49504E0007;132340241500546114;2020-05-15;16:49:10.055;application/x-bolt;24177;0512514158;132340241250576000;2020-05-15;16:48:45.058;;;;;;18019;132340241430766000;2020-05-15;16:49:03.077;;;;;;;;132000_0034388394;;;;;;EDI+EDI;;Accept;;132000;2488;;123;Departures;;;;;;;;;;;;
D01/00000D4950550007;132340241557583524;2020-05-15;16:49:15.758;application/x-bolt;25797;0512514155;132340241307926000;2020-05-15;16:48:50.793;;;;;;18008;132340241488006000;2020-05-15;16:49:08.801;;;;;;;;132000_0034388393;;;;;;EDI+EDI;;Accept;;132000;2509;;123;Departures;;;;;;;;;;;;
D01/00000D49505C0006;132340241655574967;2020-05-15;16:49:25.557;application/x-bolt;22589;0512514162;132340241405816000;2020-05-15;16:49:00.582;;;;;;18007;132340241585886000;2020-05-15;16:49:18.589;;;;;;;;132000_0034388396;;;;Camera02;09;EDI+EDI;;Accept;;132000;2504;;123;Departures;;;;;;;;;;;;
D01/00000D4950620006;132340241677683348;2020-05-15;16:49:27.768;application/x-bolt;23108;0512514161;132340241427896000;2020-05-15;16:49:02.790;;;;;;18006;132340241607956000;2020-05-15;16:49:20.796;;;;;;;;132000_0034388395;;;;Camera03;08;EDI+EDI;;Accept;;132000;2495;;123;Departures;;;;;;;;;;;;
D01/00000D4950680007;132340241706177031;2020-05-15;16:49:30.618;application/x-bolt;26128;0512514157;132340241455896000;2020-05-15;16:49:05.590;;;;;;18050;132340241636396000;2020-05-15;16:49:23.640;;;;;;;;132000_0034388398;;;;;;EDI+EDI;;Accept;;132000;2493;;123;Departures;;;;;;;;;;;;
D01/00000D49506F0006;132340241742277032;2020-05-15;16:49:34.228;application/x-bolt;23970;0512514159 / 0512417540;132340241492566000;2020-05-15;16:49:09.257;;;;;;18007;132340241672636000;2020-05-15;16:49:27.264;;;;;;;;132000_0034388397;;;Multiple main barcodes detected;Camera03;07;EDI+EDI;;Accept;;132000;2481;;123;Departures;;;;;;;;;;;;
D01/00000D4950750006;132340241861035744;2020-05-15;16:49:46.104;application/x-bolt;21196;0512514164;132340241611236000;2020-05-15;16:49:21.124;;;;;;18007;132340241791306000;2020-05-15;16:49:39.131;;;;;;;;132000_0034388399;;;;;;EDI+EDI;;Accept;;132000;2508;;123;Departures;;;;;;;;;;;;
D01/00000D49507B0006;132340242078636613;2020-05-15;16:50:07.864;application/x-bolt;23890;0512514165;132340241828826000;2020-05-15;16:49:42.883;;;;;;18007;132340242008896000;2020-05-15;16:50:00.890;;;;;;;;132000_0034388400;;;;;;EDI+EDI;;Accept;;132000;2508;;123;Departures;;;;;;;;;;;;
D01/00000D4950810007;132340242372811117;2020-05-15;16:50:37.281;application/x-bolt;25524;0512514168;132340242120416000;2020-05-15;16:50:12.042;;;;;;18263;132340242303046000;2020-05-15;16:50:30.305;;;;;;;;132000_0034388403;;;;;;EDI+EDI;;Accept;;132000;2499;;123;Departures;;;;;;;;;;;;
D01/00000D49508E0007;132340242510635670;2020-05-15;16:50:51.064;application/x-bolt;25103;0950728672;132340242226820000;2020-05-15;16:50:22.682;;;;;;18008;132340242406900000;2020-05-15;16:50:40.690;;;;;;;;131900_0034388402;;;;Camera06;04;EDI+EDI;;Accept;;131900;2464;;123;Departures;;;;;;;;;;;;
D01/00000D4950880006;132340242497584823;2020-05-15;16:50:49.758;application/x-bolt;21402;0512514173;132340242247746000;2020-05-15;16:50:24.775;;;;;;18006;132340242427806000;2020-05-15;16:50:42.781;;;;;;;;132000_0034388401;;;;;;EDI+EDI;;Accept;;132000;2517;;123;Departures;;;;;;;;;;;;
D01/00000D4950950006;132340242526899192;2020-05-15;16:50:52.690;application/x-bolt;21255;0512514177;132340242277046000;2020-05-15;16:50:27.705;;;;;;18007;132340242457116000;2020-05-15;16:50:45.712;;;;;;;;132000_0034388405;;;;;;EDI+EDI;;Accept;;132000;2534;;123;Departures;;;;;;;;;;;;
D01/00000D49509B0007;132340242552290296;2020-05-15;16:50:55.229;application/x-bolt;25783;0512514166;132340242302476000;2020-05-15;16:50:30.248;;;;;;18006;132340242482536000;2020-05-15;16:50:48.254;;;;;;;;132000_0034388404;;;;;;EDI+EDI;;Accept;;132000;2229;;123;Departures;;;;;;;;;;;;
D01/00000D4950A20007;132340242695159037;2020-05-15;16:51:09.516;application/x-bolt;25690;0512514174;132340242445226000;2020-05-15;16:50:44.523;;;;;;18008;132340242625306000;2020-05-15;16:51:02.531;;;;;;;;132000_0034388406;;;;;;EDI+EDI;;Accept;;132000;2507;;123;Departures;;;;;;;;;;;;
D01/00000D4950A90007;132340242743559268;2020-05-15;16:51:14.356;application/x-bolt;25087;0512514170;132340242493696000;2020-05-15;16:50:49.370;;;;;;18009;132340242673786000;2020-05-15;16:51:07.379;;;;;;;;132000_0034388407;;;;;;EDI+EDI;;Accept;;132000;2493;;123;Departures;;;;;;;;;;;;
D01/00000D4950B00008;132340243145803602;2020-05-15;16:51:54.580;application/x-bolt;31677;0950728675 / 0950728674 / 0950728673;132340242861800000;2020-05-15;16:51:26.180;;;;;;18008;132340243041880000;2020-05-15;16:51:44.188;;;;;;;;131900_0034388409;;;Multiple main barcodes detected;;;EDI+EDI;;Accept;;131900;2474;;123;Departures;;;;;;;;;;;;
D01/00000D4950B80007;132340243178931138;2020-05-15;16:51:57.893;application/x-bolt;24654;0950728678;132340242895150000;2020-05-15;16:51:29.515;;;;;;18008;132340243075230000;2020-05-15;16:51:47.523;;;;;;;;131900_0034388408;;;;Camera06;04;EDI+EDI;;Accept;;131900;2472;;123;Departures;;;;;;;;;;;;
D01/00000D4950BF0007;132340243186397342;2020-05-15;16:51:58.640;application/x-bolt;25270;0512514180 / 0950822873 / 0950822872 / 0281234885 / 0512047113;132340242936516000;2020-05-15;16:51:33.652;;;;;;18007;132340243116586000;2020-05-15;16:51:51.659;;;;;;;;132000_0034388411;;;Multiple main barcodes detected;Camera05;01;EDI+EDI;;Accept;;132000;2527;;123;Departures;;;;;;;;;;;;
D01/00000D4950C60006;132340243219304694;2020-05-15;16:52:01.930;application/x-bolt;23759;0512514178;132340242969546000;2020-05-15;16:51:36.955;;;;;;18006;132340243149606000;2020-05-15;16:51:54.961;;;;;;;;132000_0034388410;;;;Camera03;09;EDI+EDI;;Accept;;132000;2491;;123;Departures;;;;;;;;;;;;
D01/00000D4950CC0006;132340243246127066;2020-05-15;16:52:04.613;application/x-bolt;23404;0512514169;132340242996356000;2020-05-15;16:51:39.636;;;;;;18007;132340243176426000;2020-05-15;16:51:57.643;;;;;;;;132000_0034388413;;;;;;EDI+EDI;;Accept;;132000;2521;;123;Departures;;;;;;;;;;;;
D01/00000D4950D20006;132340243267754964;2020-05-15;16:52:06.775;application/x-bolt;23341;0512514183;132340243018046000;2020-05-15;16:51:41.805;;;;;;18009;132340243198136000;2020-05-15;16:51:59.814;;;;;;;;132000_0034388416;;;;;;EDI+EDI;;Accept;;132000;2482;;123;Departures;;;;;;;;;;;;
D01/00000D4950D80006;132340243301893341;2020-05-15;16:52:10.189;application/x-bolt;21225;0512514179;132340243052176000;2020-05-15;16:51:45.218;;;;;;18008;132340243232256000;2020-05-15;16:52:03.226;;;;;;;;132000_0034388417;;;;;;EDI+EDI;;Accept;;132000;2521;;123;Departures;;;;;;;;;;;;
D01/00000D4950E50007;132340243352905741;2020-05-15;16:52:15.291;application/x-bolt;25433;0950728677;132340243069150000;2020-05-15;16:51:46.915;;;;;;18007;132340243249220000;2020-05-15;16:52:04.922;;;;;;;;131900_0034388412;;;;;;EDI+EDI;;Accept;;131900;2483;;123;Departures;;;;;;;;;;;;
D01/00000D4950DE0007;132340243348412001;2020-05-15;16:52:14.841;application/x-bolt;25083;0512514172;132340243098596000;2020-05-15;16:51:49.860;;;;;;18007;132340243278666000;2020-05-15;16:52:07.867;;;;;;;;132000_0034388415;;;;;;EDI+EDI;;Accept;;132000;2481;;123;Departures;;;;;;;;;;;;
D01/00000D4950EC0007;132340243463397573;2020-05-15;16:52:26.340;application/x-bolt;25881;0950728676;132340243179850000;2020-05-15;16:51:57.985;;;;;;18007;132340243359920000;2020-05-15;16:52:15.992;;;;;;;;131900_0034388414;;;;;;EDI+EDI;;Accept;;131900;2475;;123;Departures;;;;;;;;;;;;
D01/00000D4950F30007;132340243921778570;2020-05-15;16:53:12.178;application/x-bolt;25251;0950728679;132340243638220000;2020-05-15;16:52:43.822;;;;;;18008;132340243818300000;2020-05-15;16:53:01.830;;;;;;;;131900_0034388418;;;;;;EDI+EDI;;Accept;;131900;2489;;123;Departures;;;;;;;;;;;;
D01/00000D4950FA0007;132340244130692211;2020-05-15;16:53:33.069;application/x-bolt;25050;0512514195;132340243880456000;2020-05-15;16:53:08.046;;;;;;18060;132340244061056000;2020-05-15;16:53:26.106;;;;;;;;132000_0034388420;;;;;;EDI+EDI;;Accept;;132000;3371;;123;Departures;;;;;;;;;;;;
D01/00000D4951010007;132340244255686102;2020-05-15;16:53:45.569;application/x-bolt;25258;0512514196;132340244005966000;2020-05-15;16:53:20.597;;;;;;18007;132340244186036000;2020-05-15;16:53:38.604;;;;;;;;132000_0034388421;;;;;;EDI+EDI;;Accept;;132000;2509;;123;Departures;;;;;;;;;;;;
D01/00000D4951080006;132340244309090490;2020-05-15;16:53:50.909;application/x-bolt;23723;0950728680;132340244025230000;2020-05-15;16:53:22.523;;;;;;18008;132340244205310000;2020-05-15;16:53:40.531;;;;;;;;131900_0034388419;;;;Camera06;03;EDI+EDI;;Accept;;131900;2476;;123;Departures;;;;;;;;;;;;
D01/00000D49510E0006;132340244402598211;2020-05-15;16:54:00.260;application/x-bolt;22946;0512514191 / 0950600448;132340244152616000;2020-05-15;16:53:35.262;;;;;;18007;132340244332686000;2020-05-15;16:53:53.269;;;;;;;;132000_0034388422;;;Multiple main barcodes detected;;;EDI+EDI;;Accept;;132000;2476;;123;Departures;;;;;;;;;;;;
D01/00000D4951140007;132340244483705625;2020-05-15;16:54:08.371;application/x-bolt;24473;0512514197;132340244234016000;2020-05-15;16:53:43.402;;;;;;18006;132340244414076000;2020-05-15;16:54:01.408;;;;;;;;132000_0034388424;;;;Camera03;09;EDI+EDI;;Accept;;132000;2488;;123;Departures;;;;;;;;;;;;
D01/00000D49511B0007;132340244547258445;2020-05-15;16:54:14.726;application/x-bolt;24611;0512514200;132340244297576000;2020-05-15;16:53:49.758;;;;;;18006;132340244477636000;2020-05-15;16:54:07.764;;;;;;;;132000_0034388423;;;;;;EDI+EDI;;Accept;;132000;2482;;123;Departures;;;;;;;;;;;;
D01/00000D4951220007;132340244622561036;2020-05-15;16:54:22.256;application/x-bolt;27030;0512514193 / 0512107188;132340244372586000;2020-05-15;16:53:57.259;;;;;;18007;132340244552656000;2020-05-15;16:54:15.266;;;;;;;;132000_0034388425;;;Multiple main barcodes detected;;;EDI+EDI;;Accept;;132000;2489;;123;Departures;;;;;;;;;;;;
D01/00000D4951290007;132340244803771652;2020-05-15;16:54:40.377;application/x-bolt;25062;0512514204;132340244553646000;2020-05-15;16:54:15.365;;;;;;18007;132340244733716000;2020-05-15;16:54:33.372;;;;;;;;132000_0034388426;;;;;;EDI+EDI;;Accept;;132000;2483;;123;Departures;;;;;;;;;;;;
D01/00000D4951300007;132340244845646457;2020-05-15;16:54:44.565;application/x-bolt;25393;0512514201;132340244595816000;2020-05-15;16:54:19.582;;;;;;18007;132340244775886000;2020-05-15;16:54:37.589;;;;;;;;132000_0034388427;;;;;;EDI+EDI;;Accept;;132000;2461;;123;Departures;;;;;;;;;;;;
D01/00000D4951370006;132340244989085681;2020-05-15;16:54:58.909;application/x-bolt;22519;0512514208;132340244739246000;2020-05-15;16:54:33.925;;;;;;18007;132340244919316000;2020-05-15;16:54:51.932;;;;;;;;132000_0034388429;;;;Camera05;03;EDI+EDI;;Accept;;132000;2480;;123;Departures;;;;;;;;;;;;
D01/00000D49513D0007;132340245333221716;2020-05-15;16:55:33.322;application/x-bolt;25061;0950728681;132340245049450000;2020-05-15;16:55:04.945;;;;;;18008;132340245229530000;2020-05-15;16:55:22.953;;;;;;;;131900_0034388428;;;;Camera03;11;EDI+EDI;;Accept;;131900;2486;;123;Departures;;;;;;;;;;;;
D01/00000D4951440007;132340245352878056;2020-05-15;16:55:35.288;application/x-bolt;24428;0512600229 / 0512514206;132340245103006000;2020-05-15;16:55:10.301;;;;;;18007;132340245283076000;2020-05-15;16:55:28.308;;;;;;;;132000_0034388430;;;Multiple main barcodes detected;;;EDI+EDI;;Accept;;132000;2452;;123;Departures;;;;;;;;;;;;
D01/00000D49514B0006;132340245637674765;2020-05-15;16:56:03.767;application/x-bolt;23743;0512514213;132340245387756000;2020-05-15;16:55:38.776;;;;;;18007;132340245567826000;2020-05-15;16:55:56.783;;;;;;;;132000_0034388432;;;;Camera03;07;EDI+EDI;;Accept;;132000;2476;;123;Departures;;;;;;;;;;;;
D01/00000D4951510007;132340245791432567;2020-05-15;16:56:19.143;application/x-bolt;25357;0512514211;132340245541516000;2020-05-15;16:55:54.152;;;;;;18007;132340245721586000;2020-05-15;16:56:12.159;;;;;;;;132000_0034388433;;;;;;EDI+EDI;;Accept;;132000;2496;;123;Departures;;;;;;;;;;;;
D01/00000D4951580006;132340245831215634;2020-05-15;16:56:23.122;application/x-bolt;22686;0512514209;132340245581176000;2020-05-15;16:55:58.118;;;;;;18014;132340245761316000;2020-05-15;16:56:16.132;;;;;;;;132000_0034388431;;;;Camera01;12;EDI+EDI;;Accept;;132000;2435;;123;Departures;;;;;;;;;;;;
D01/00000D49515E0007;132340245966027168;2020-05-15;16:56:36.603;application/x-bolt;24740;0512514214;132340245716116000;2020-05-15;16:56:11.612;;;;;;18006;132340245896176000;2020-05-15;16:56:29.618;;;;;;;;132000_0034388435;;;;;;EDI+EDI;;Accept;;132000;2433;;123;Departures;;;;;;;;;;;;
D01/00000D4951650007;132340246023244359;2020-05-15;16:56:42.324;application/x-bolt;26597;0512514215;132340245773316000;2020-05-15;16:56:17.332;;;;;;18007;132340245953386000;2020-05-15;16:56:35.339;;;;;;;;132000_0034388434;;;;;;EDI+EDI;;Accept;;132000;2409;;123;Departures;;;;;;;;;;;;
D01/00000D49516C0006;132340246261661013;2020-05-15;16:57:06.166;application/x-bolt;23479;0512514217;132340246011696000;2020-05-15;16:56:41.170;;;;;;18008;132340246191776000;2020-05-15;16:56:59.178;;;;;;;;132000_0034388437;;;;;;EDI+EDI;;Accept;;132000;2456;;123;Departures;;;;;;;;;;;;
D01/00000D4951720006;132340246288863447;2020-05-15;16:57:08.886;application/x-bolt;22667;0512514216;132340246038986000;2020-05-15;16:56:43.899;;;;;;18014;132340246219126000;2020-05-15;16:57:01.913;;;;;;;;132000_0034388436;;;;Camera05;06;EDI+EDI;;Accept;;132000;2466;;123;Departures;;;;;;;;;;;;
D01/00000D4951780006;132340246321500369;2020-05-15;16:57:12.150;application/x-bolt;21472;0512514218;132340246071636000;2020-05-15;16:56:47.164;;;;;;18008;132340246251716000;2020-05-15;16:57:05.172;;;;;;;;132000_0034388438;;;;;;EDI+EDI;;Accept;;132000;2475;;123;Departures;;;;;;;;;;;;
D01/00000D49517E0006;132340246549258231;2020-05-15;16:57:34.926;application/x-bolt;23546;0512514220;132340246299346000;2020-05-15;16:57:09.935;;;;;;18007;132340246479416000;2020-05-15;16:57:27.942;;;;;;;;132000_0034388439;;;;;;EDI+EDI;;Accept;;132000;2456;;123;Departures;;;;;;;;;;;;
D01/00000D4951840006;132340246579913517;2020-05-15;16:57:37.991;application/x-bolt;21351;0512514219;132340246329936000;2020-05-15;16:57:12.994;;;;;;18029;132340246510226000;2020-05-15;16:57:31.023;;;;;;;;132000_0034388440;;;;;;EDI+EDI;;Accept;;132000;2436;;123;Departures;;;;;;;;;;;;
D01/00000D49518A0006;132340246809382790;2020-05-15;16:58:00.938;application/x-bolt;23346;0512514223;132340246559436000;2020-05-15;16:57:35.944;;;;;;18007;132340246739506000;2020-05-15;16:57:53.951;;;;;;;;132000_0034388441;;;;Camera02;09;EDI+EDI;;Accept;;132000;2456;;123;Departures;;;;;;;;;;;;
D01/00000D4951900006;132340246958585854;2020-05-15;16:58:15.859;application/x-bolt;24126;0512514221;132340246708716000;2020-05-15;16:57:50.872;;;;;;18007;132340246888786000;2020-05-15;16:58:08.879;;;;;;;;132000_0034388442;;;;Camera04;03;EDI+EDI;;Accept;;132000;2471;;123;Departures;;;;;;;;;;;;
D01/00000D4951960006;132340246983086063;2020-05-15;16:58:18.309;application/x-bolt;24018;0512514226;132340246733166000;2020-05-15;16:57:53.317;;;;;;18006;132340246913226000;2020-05-15;16:58:11.323;;;;;;;;132000_0034388443;;;;;;EDI+EDI;;Accept;;132000;2385;;123;Departures;;;;;;;;;;;;
D01/00000D49519C0006;132340247097630549;2020-05-15;16:58:29.763;application/x-bolt;23540;0512514224;132340246847696000;2020-05-15;16:58:04.770;;;;;;18007;132340247027766000;2020-05-15;16:58:22.777;;;;;;;;132000_0034388444;;;;;;EDI+EDI;;Accept;;132000;2493;;123;Departures;;;;;;;;;;;;
D01/00000D4951A20007;132340247128596087;2020-05-15;16:58:32.860;application/x-bolt;25484;0512514222;132340246878776000;2020-05-15;16:58:07.878;;;;;;18007;132340247058846000;2020-05-15;16:58:25.885;;;;;;;;132000_0034388446;;;;;;EDI+EDI;;Accept;;132000;2499;;123;Departures;;;;;;;;;;;;
D01/00000D4951A90007;132340247159981975;2020-05-15;16:58:35.998;application/x-bolt;26593;0512514227;132340246910106000;2020-05-15;16:58:11.011;;;;;;18009;132340247090196000;2020-05-15;16:58:29.020;;;;;;;;132000_0034388445;;;;;;EDI+EDI;;Accept;;132000;2474;;123;Departures;;;;;;;;;;;;
D01/00000D4951B00006;132340247505446920;2020-05-15;16:59:10.545;application/x-bolt;21322;0512514228;132340247255556000;2020-05-15;16:58:45.556;;;;;;18007;132340247435626000;2020-05-15;16:59:03.563;;;;;;;;132000_0034388447;;;;;;EDI+EDI;;Accept;;132000;2538;;123;Departures;;;;;;;;;;;;
D01/00000D4951B6000A;132340247508179173;2020-05-15;16:59:10.818;application/x-bolt;37283;;132340247280526000;2020-05-15;16:58:48.053;AMM - RJ5166;AMM;2020-05-15;RJ5166;;15749;132340247438016000;2020-05-15;16:59:03.802;;;9870;124;;Partial;2737;132000_0034388449;RJ_5166_DFR1505;;"Enrichment ""VCCLicense"" cancelled: no requester available";Camera05;06;VCS+OCR;;Accept;;132000;2489;;123;Departures;;2;Cancelled: no requester available;Cancel;12745;;;;;;;
D01/00000D4951C00006;132340247589115932;2020-05-15;16:59:18.912;application/x-bolt;23884;0512514235;132340247339256000;2020-05-15;16:58:53.926;;;;;;18007;132340247519326000;2020-05-15;16:59:11.933;;;;;;;;132000_0034388448;;;;Camera04;03;EDI+EDI;;Accept;;132000;2360;;123;Departures;;;;;;;;;;;;
D01/00000D4951C60007;132340247703220048;2020-05-15;16:59:30.322;application/x-bolt;24202;0512514237;132340247453226000;2020-05-15;16:59:05.323;;;;;;18007;132340247633296000;2020-05-15;16:59:23.330;;;;;;;;132000_0034388451;;;;;;EDI+EDI;;Accept;;132000;2455;;123;Departures;;;;;;;;;;;;
D01/00000D4951CD0007;132340247811319216;2020-05-15;16:59:41.132;application/x-bolt;26479;0512514234;132340247561376000;2020-05-15;16:59:16.138;;;;;;18007;132340247741446000;2020-05-15;16:59:34.145;;;;;;;;132000_0034388450;;;;;;EDI+EDI;;Accept;;132000;2498;;123;Departures;;;;;;;;;;;;
D01/00000D4951D40006;132340247849270519;2020-05-15;16:59:44.927;application/x-bolt;23860;0512514240;132340247599426000;2020-05-15;16:59:19.943;;;;;;18007;132340247779496000;2020-05-15;16:59:37.950;;;;;;;;132000_0034388452;;;;Camera02;09;EDI+EDI;;Accept;;132000;2498;;123;Departures;;;;;;;;;;;;
D01/00000D4951DA0007;132340247903174980;2020-05-15;16:59:50.317;application/x-bolt;24821;0512514244;132340247653266000;2020-05-15;16:59:25.327;;;;;;18007;132340247833336000;2020-05-15;16:59:43.334;;;;;;;;132000_0034388454;;;;;;EDI+EDI;;Accept;;132000;2496;;123;Departures;;;;;;;;;;;;
D01/00000D4951E10006;132340247960462229;2020-05-15;16:59:56.046;application/x-bolt;23130;0512514239;132340247710656000;2020-05-15;16:59:31.066;;;;;;18006;132340247890716000;2020-05-15;16:59:49.072;;;;;;;;132000_0034388455;;;;Camera06;04;EDI+EDI;;Accept;;132000;2508;;123;Departures;;;;;;;;;;;;
D01/00000D4951E70007;132340248122565939;2020-05-15;17:00:12.257;application/x-bolt;27418;0950728670;132340247838630000;2020-05-15;16:59:43.863;;;;;;18008;132340248018710000;2020-05-15;17:00:01.871;;;;;;;;131900_0034388453;;;;;;EDI+EDI;;Accept;;131900;2415;;123;Departures;;;;;;;;;;;;
D01/00000D4951EE0007;132340248236940275;2020-05-15;17:00:23.694;application/x-bolt;26587;0950728671;132340247952970000;2020-05-15;16:59:55.297;;;;;;18015;132340248133120000;2020-05-15;17:00:13.312;;;;;;;;131900_0034388456;;;;;;EDI+EDI;;Accept;;131900;4359;;123;Departures;;;;;;;;;;;;
D01/00000D4951F50008;132340248324892823;2020-05-15;17:00:32.489;application/x-bolt;29718;0950728664;132340248041000000;2020-05-15;17:00:04.100;;;;;;18007;132340248221070000;2020-05-15;17:00:22.107;;;;;;;;131900_0034388457;;;;;;EDI+EDI;;Accept;;131900;2425;;123;Departures;;;;;;;;;;;;
D01/00000D4952030007;132340248381769740;2020-05-15;17:00:38.177;application/x-bolt;28198;0950728661;132340248097900000;2020-05-15;17:00:09.790;;;;;;18009;132340248277990000;2020-05-15;17:00:27.799;;;;;;;;131900_0034388458;;;;;;EDI+EDI;;Accept;;131900;2439;;123;Departures;;;;;;;;;;;;
D01/00000D4951FD0006;132340248367708140;2020-05-15;17:00:36.771;application/x-bolt;21242;0512514247;132340248117836000;2020-05-15;17:00:11.784;;;;;;18006;132340248297896000;2020-05-15;17:00:29.790;;;;;;;;132000_0034388459;;;;;;EDI+EDI;;Accept;;132000;2497;;123;Departures;;;;;;;;;;;;
D01/00000D49520A0007;132340248402837117;2020-05-15;17:00:40.284;application/x-bolt;24424;0512514229;132340248153026000;2020-05-15;17:00:15.303;;;;;;18007;132340248333096000;2020-05-15;17:00:33.310;;;;;;;;132000_0034388460;;;;;;EDI+EDI;;Accept;;132000;2526;;123;Departures;;;;;;;;;;;;
D01/00000D4952110007;132340248417168933;2020-05-15;17:00:41.717;application/x-bolt;24961;0512514249;132340248167276000;2020-05-15;17:00:16.728;;;;;;18006;132340248347336000;2020-05-15;17:00:34.734;;;;;;;;132000_0034388461;;;;;;EDI+EDI;;Accept;;132000;2503;;123;Departures;;;;;;;;;;;;
D01/00000D4952180007;132340248812064653;2020-05-15;17:01:21.206;application/x-bolt;28077;0950728656;132340248528150000;2020-05-15;17:00:52.815;;;;;;18007;132340248708220000;2020-05-15;17:01:10.822;;;;;;;;131900_0034388464;;;;;;EDI+EDI;;Accept;;131900;2427;;123;Departures;;;;;;;;;;;;
D01/00000D49521F0007;132340248840818374;2020-05-15;17:01:24.082;application/x-bolt;27140;0950728606;132340248557110000;2020-05-15;17:00:55.711;;;;;;18008;132340248737190000;2020-05-15;17:01:13.719;;;;;;;;131900_0034388462;;;;;;EDI+EDI;;Accept;;131900;2464;;123;Departures;;;;;;;;;;;;
D01/00000D4952260007;132340249036189521;2020-05-15;17:01:43.619;application/x-bolt;27376;0950728596;132340248752320000;2020-05-15;17:01:15.232;;;;;;18007;132340248932390000;2020-05-15;17:01:33.239;;;;;;;;131900_0034388463;;;;;;EDI+EDI;;Accept;;131900;4444;;123;Departures;;;;;;;;;;;;
D01/00000D49522D0006;132340249057256898;2020-05-15;17:01:45.726;application/x-bolt;23615;0512514256;132340248807236000;2020-05-15;17:01:20.724;;;;;;18014;132340248987376000;2020-05-15;17:01:38.738;;;;;;;;132000_0034388466;;;;Camera04;08;EDI+EDI;;Accept;;132000;2466;;123;Departures;;;;;;;;;;;;
D01/00000D4952330007;132340249222713373;2020-05-15;17:02:02.271;application/x-bolt;24561;0512514261;132340248972676000;2020-05-15;17:01:37.268;;;;;;18007;132340249152746000;2020-05-15;17:01:55.275;;;;;;;;132000_0034388471;;;;Camera03;05;EDI+EDI;;Accept;;132000;2473;;123;Departures;;;;;;;;;;;;
D01/00000D49523A0007;132340249294492576;2020-05-15;17:02:09.449;application/x-bolt;24139;0512514254;132340249044636000;2020-05-15;17:01:44.464;;;;;;18007;132340249224706000;2020-05-15;17:02:02.471;;;;;;;;132000_0034388472;;;;Camera03;08;EDI+EDI;;Accept;;132000;2510;;123;Departures;;;;;;;;;;;;
D01/00000D4952410007;132340249325528177;2020-05-15;17:02:12.553;application/x-bolt;25609;0512514255;132340249075666000;2020-05-15;17:01:47.567;;;;;;18008;132340249255746000;2020-05-15;17:02:05.575;;;;;;;;132000_0034388469;;;;;;EDI+EDI;;Accept;;132000;2507;;123;Departures;;;;;;;;;;;;
D01/00000D4952480007;132340249352960801;2020-05-15;17:02:15.296;application/x-bolt;25016;0512514258;132340249103056000;2020-05-15;17:01:50.306;;;;;;18007;132340249283126000;2020-05-15;17:02:08.313;;;;;;;;132000_0034388468;;;;Camera03;07;EDI+EDI;;Accept;;132000;2491;;123;Departures;;;;;;;;;;;;
D01/00000D4952550007;132340249407475767;2020-05-15;17:02:20.748;application/x-bolt;24970;0950728668;132340249123650000;2020-05-15;17:01:52.365;;;;;;18007;132340249303720000;2020-05-15;17:02:10.372;;;;;;;;131900_0034388467;;;;Camera03;06;EDI+EDI;;Accept;;131900;2457;;123;Departures;;;;;;;;;;;;
D01/00000D49524F0006;132340249384026425;2020-05-15;17:02:18.403;application/x-bolt;22665;0512514262;132340249134116000;2020-05-15;17:01:53.412;;;;;;18011;132340249314226000;2020-05-15;17:02:11.423;;;;;;;;132000_0034388474;;;;Camera02;10;EDI+EDI;;Accept;;132000;2483;;123;Departures;;;;;;;;;;;;
D01/00000D49525C0007;132340249493806974;2020-05-15;17:02:29.381;application/x-bolt;25842;0950728669;132340249209990000;2020-05-15;17:02:00.999;;;;;;18008;132340249390070000;2020-05-15;17:02:19.007;;;;;;;;131900_0034388470;;;;;;EDI+EDI;;Accept;;131900;2651;;123;Departures;;;;;;;;;;;;
D01/00000D4952630007;132340249522060279;2020-05-15;17:02:32.206;application/x-bolt;26229;0950728683;132340249238230000;2020-05-15;17:02:03.823;;;;;;18008;132340249418310000;2020-05-15;17:02:21.831;;;;;;;;131900_0034388473;;;;;;EDI+EDI;;Accept;;131900;2478;;123;Departures;;;;;;;;;;;;
D01/00000D49526A0006;132340249718442262;2020-05-15;17:02:51.844;application/x-bolt;21246;0512514252;132340249468446000;2020-05-15;17:02:26.845;;;;;;18006;132340249648506000;2020-05-15;17:02:44.851;;;;;;;;132000_0034388476;;;;;;EDI+EDI;;Accept;;132000;4565;;123;Departures;;;;;;;;;;;;
D01/00000D4952700007;132340249756093316;2020-05-15;17:02:55.609;application/x-bolt;25957;0512514266;132340249506136000;2020-05-15;17:02:30.614;;;;;;18017;132340249686306000;2020-05-15;17:02:48.631;;;;;;;;132000_0034388480;;;;;;EDI+EDI;;Accept;;132000;2509;;123;Departures;;;;;;;;;;;;
D01/00000D4952770006;132340249793584238;2020-05-15;17:02:59.358;application/x-bolt;23583;0512514263;132340249543716000;2020-05-15;17:02:34.372;;;;;;18008;132340249723796000;2020-05-15;17:02:52.380;;;;;;;;132000_0034388475;;;;Camera02;11;EDI+EDI;;Accept;;132000;2544;;123;Departures;;;;;;;;;;;;
D01/00000D49527D0006;132340249812700007;2020-05-15;17:03:01.270;application/x-bolt;23975;0512514257;132340249562806000;2020-05-15;17:02:36.281;;;;;;18007;132340249742876000;2020-05-15;17:02:54.288;;;;;;;;132000_0034388477;;;;;;EDI+EDI;;Accept;;132000;2499;;123;Departures;;;;;;;;;;;;
D01/00000D4952830007;132340249838641404;2020-05-15;17:03:03.864;application/x-bolt;24652;0512514265;132340249588746000;2020-05-15;17:02:38.875;;;;;;18006;132340249768806000;2020-05-15;17:02:56.881;;;;;;;;132000_0034388478;;;;;;EDI+EDI;;Accept;;132000;2505;;123;Departures;;;;;;;;;;;;
D01/00000D49528A0007;132340249881466728;2020-05-15;17:03:08.147;application/x-bolt;25493;0512514264;132340249631616000;2020-05-15;17:02:43.162;;;;;;18007;132340249811686000;2020-05-15;17:03:01.169;;;;;;;;132000_0034388479;;;;;;EDI+EDI;;Accept;;132000;2482;;123;Departures;;;;;;;;;;;;
D01/00000D4952910006;132340250174758653;2020-05-15;17:03:37.476;application/x-bolt;21333;0512514267;132340249924856000;2020-05-15;17:03:12.486;;;;;;18007;132340250104926000;2020-05-15;17:03:30.493;;;;;;;;132000_0034388481;;;;;;EDI+EDI;;Accept;;132000;2505;;123;Departures;;;;;;;;;;;;
D01/00000D4952970006;132340250680435741;2020-05-15;17:04:28.044;application/x-bolt;21148;0512514271;132340250430586000;2020-05-15;17:04:03.059;;;;;;18007;132340250610656000;2020-05-15;17:04:21.066;;;;;;;;132000_0034388484;;;;;;EDI+EDI;;Accept;;132000;2500;;123;Departures;;;;;;;;;;;;
D01/00000D49529D0007;132340250946805450;2020-05-15;17:04:54.681;application/x-bolt;25765;0512514275;132340250696806000;2020-05-15;17:04:29.681;;;;;;18007;132340250876876000;2020-05-15;17:04:47.688;;;;;;;;132000_0034388486;;;;;;EDI+EDI;;Accept;;132000;2444;;123;Departures;;;;;;;;;;;;
D01/00000D4952A40006;132340251261444975;2020-05-15;17:05:26.144;application/x-bolt;21400;0512514276;132340251011606000;2020-05-15;17:05:01.161;;;;;;18007;132340251191676000;2020-05-15;17:05:19.168;;;;;;;;132000_0034388487;;;;;;EDI+EDI;;Accept;;132000;2450;;123;Departures;;;;;;;;;;;;
D01/00000D4952AA0007;132340252012494460;2020-05-15;17:06:41.249;application/x-bolt;24702;0512514282;132340251762626000;2020-05-15;17:06:16.263;;;;;;18006;132340251942686000;2020-05-15;17:06:34.269;;;;;;;;132000_0034388489;;;;;;EDI+EDI;;Accept;;132000;2389;;123;Departures;;;;;;;;;;;;
D01/00000D4952B10006;132340252899075736;2020-05-15;17:08:09.908;application/x-bolt;24145;0512514285;132340252649136000;2020-05-15;17:07:44.914;;;;;;18006;132340252829196000;2020-05-15;17:08:02.920;;;;;;;;132000_0034388490;;;;;;EDI+EDI;;Accept;;132000;2316;;123;Departures;;;;;;;;;;;;
D01/00000D4952B70007;132340253044755899;2020-05-15;17:08:24.476;application/x-bolt;24983;0512514290;132340252794846000;2020-05-15;17:07:59.485;;;;;;18009;132340252974936000;2020-05-15;17:08:17.494;;;;;;;;132000_0034388491;;;;;;EDI+EDI;;Accept;;132000;2345;;123;Departures;;;;;;;;;;;;
D01/00000D4952BE0006;132340254622116947;2020-05-15;17:11:02.212;application/x-bolt;24156;0512514298;132340254372096000;2020-05-15;17:10:37.210;;;;;;18007;132340254552166000;2020-05-15;17:10:55.217;;;;;;;;132000_0034388495;;;;;;EDI+EDI;;Accept;;132000;2261;;123;Departures;;;;;;;;;;;;
D01/00000D4952C40006;132340254757028235;2020-05-15;17:11:15.703;application/x-bolt;23265;0512514299;132340254507186000;2020-05-15;17:10:50.719;;;;;;18006;132340254687246000;2020-05-15;17:11:08.725;;;;;;;;132000_0034388496;;;;;;EDI+EDI;;Accept;;132000;2259;;123;Departures;;;;;;;;;;;;
D01/00000D4952CA0007;132340255338878156;2020-05-15;17:12:13.888;application/x-bolt;24258;0512514305;132340255088966000;2020-05-15;17:11:48.897;;;;;;18007;132340255269036000;2020-05-15;17:12:06.904;;;;;;;;132000_0034388497;;;;Camera05;09;EDI+EDI;;Accept;;132000;2513;;123;Departures;;;;;;;;;;;;
D01/00000D4952D10007;132340255681600840;2020-05-15;17:12:48.160;application/x-bolt;24698;0950332370 / 0512514309;132340255431656000;2020-05-15;17:12:23.166;;;;;;18008;132340255611736000;2020-05-15;17:12:41.174;;;;;;;;132000_0034388498;;;Multiple main barcodes detected;Camera03;06;EDI+EDI;;Accept;;132000;2262;;123;Departures;;;;;;;;;;;;
D01/00000D4952D80007;132340255847847969;2020-05-15;17:13:04.785;application/x-bolt;24855;0512514310;132340255597966000;2020-05-15;17:12:39.797;;;;;;18009;132340255778056000;2020-05-15;17:12:57.806;;;;;;;;132000_0034388499;;;;;;EDI+EDI;;Accept;;132000;2272;;123;Departures;;;;;;;;;;;;
D01/00000D4952DF0006;132340256434671996;2020-05-15;17:14:03.467;application/x-bolt;23868;0512514308;132340256184736000;2020-05-15;17:13:38.474;;;;;;18007;132340256364806000;2020-05-15;17:13:56.481;;;;;;;;132000_0034388500;;;;Camera02;11;EDI+EDI;;Accept;;132000;2253;;123;Departures;;;;;;;;;;;;
D01/00000D4952E50007;132340256458161369;2020-05-15;17:14:05.816;application/x-bolt;24651;0512514318;132340256208286000;2020-05-15;17:13:40.829;;;;;;18007;132340256388356000;2020-05-15;17:13:58.836;;;;;;;;132000_0034388501;;;;;;EDI+EDI;;Accept;;132000;2258;;123;Departures;;;;;;;;;;;;
D01/00000D4952EC0006;132340257472227797;2020-05-15;17:15:47.223;application/x-bolt;22635;0512514314;132340257222336000;2020-05-15;17:15:22.234;;;;;;18007;132340257402406000;2020-05-15;17:15:40.241;;;;;;;;132000_0034388504;;;;Camera02;13;EDI+EDI;;Accept;;132000;2298;;123;Departures;;;;;;;;;;;;
D01/00000D4952F20006;132340258206303286;2020-05-15;17:17:00.630;application/x-bolt;23770;0512514330;132340257956386000;2020-05-15;17:16:35.639;;;;;;18007;132340258136456000;2020-05-15;17:16:53.646;;;;;;;;132000_0034388505;;;;;;EDI+EDI;;Accept;;132000;2296;;123;Departures;;;;;;;;;;;;
D01/00000D4952F80006;132340258415796079;2020-05-15;17:17:21.580;application/x-bolt;23814;0512514334;132340258166086000;2020-05-15;17:16:56.609;;;;;;18007;132340258346156000;2020-05-15;17:17:14.616;;;;;;;;132000_0034388506;;;;;;EDI+EDI;;Accept;;132000;2281;;123;Departures;;;;;;;;;;;;
D01/00000D4952FE0006;132340258554810746;2020-05-15;17:17:35.481;application/x-bolt;22936;0512881952 / 0512514332;132340258304946000;2020-05-15;17:17:10.495;;;;;;18008;132340258485026000;2020-05-15;17:17:28.503;;;;;;;;132000_0034388507;;;Multiple main barcodes detected;Camera06;05;EDI+EDI;;Accept;;132000;2287;;123;Departures;;;;;;;;;;;;
D01/00000D4953040006;132340258582263385;2020-05-15;17:17:38.226;application/x-bolt;23015;0512514335;132340258332546000;2020-05-15;17:17:13.255;;;;;;18009;132340258512636000;2020-05-15;17:17:31.264;;;;;;;;132000_0034388508;;;;Camera03;05;EDI+EDI;;Accept;;132000;2286;;123;Departures;;;;;;;;;;;;
D01/00000D49530A0006;132340259185811213;2020-05-15;17:18:38.581;application/x-bolt;23407;0512514338;132340258935866000;2020-05-15;17:18:13.587;;;;;;18007;132340259115936000;2020-05-15;17:18:31.594;;;;;;;;132000_0034388512;;;;Camera03;12;EDI+EDI;;Accept;;132000;2293;;123;Departures;;;;;;;;;;;;
D01/00000D4953100007;132340259216516537;2020-05-15;17:18:41.652;application/x-bolt;24284;0512514337;132340258966086000;2020-05-15;17:18:16.609;;;;;;18062;132340259146706000;2020-05-15;17:18:34.671;;;;;;;;132000_0034388513;;;;;;EDI+EDI;;Accept;;132000;2275;;123;Departures;;;;;;;;;;;;
D01/00000D4953170007;132340259564203316;2020-05-15;17:19:16.420;application/x-bolt;25547;0512514343;132340259314266000;2020-05-15;17:18:51.427;;;;;;18007;132340259494336000;2020-05-15;17:19:09.434;;;;;;;;132000_0034388514;;;;;;EDI+EDI;;Accept;;132000;2303;;123;Departures;;;;;;;;;;;;
D01/00000D49531E0007;132340259790700137;2020-05-15;17:19:39.070;application/x-bolt;24140;0512514347;132340259540616000;2020-05-15;17:19:14.062;;;;;;18007;132340259720686000;2020-05-15;17:19:32.069;;;;;;;;132000_0034388515;;;;Camera03;09;EDI+EDI;;Accept;;132000;2283;;123;Departures;;;;;;;;;;;;
D01/00000D4953250006;132340259989844396;2020-05-15;17:19:58.984;application/x-bolt;23562;0512514346;132340259739886000;2020-05-15;17:19:33.989;;;;;;18007;132340259919956000;2020-05-15;17:19:51.996;;;;;;;;132000_0034388516;;;;;;EDI+EDI;;Accept;;132000;2299;;123;Departures;;;;;;;;;;;;
D01/00000D49532B0007;132340260308317083;2020-05-15;17:20:30.832;application/x-bolt;26047;0512514353;132340260058546000;2020-05-15;17:20:05.855;;;;;;18007;132340260238616000;2020-05-15;17:20:23.862;;;;;;;;132000_0034388517;;;;;;EDI+EDI;;Accept;;132000;2317;;123;Departures;;;;;;;;;;;;
D01/00000D4953320007;132340260454327518;2020-05-15;17:20:45.433;application/x-bolt;26843;0512514354;132340260204366000;2020-05-15;17:20:20.437;;;;;;18006;132340260384426000;2020-05-15;17:20:38.443;;;;;;;;132000_0034388518;;;;;;EDI+EDI;;Accept;;132000;2344;;123;Departures;;;;;;;;;;;;
D01/00000D4953390006;132340260658696085;2020-05-15;17:21:05.870;application/x-bolt;21316;0512514356;132340260408766000;2020-05-15;17:20:40.877;;;;;;18007;132340260588836000;2020-05-15;17:20:58.884;;;;;;;;132000_0034388519;;;;;;EDI+EDI;;Accept;;132000;2355;;123;Departures;;;;;;;;;;;;
D01/00000D49533F0007;132340260879788451;2020-05-15;17:21:27.979;application/x-bolt;24643;0512514357;132340260629786000;2020-05-15;17:21:02.979;;;;;;18007;132340260809856000;2020-05-15;17:21:20.986;;;;;;;;132000_0034388520;;;;;;EDI+EDI;;Accept;;132000;2349;;123;Departures;;;;;;;;;;;;
D01/00000D4953460006;132340261001288665;2020-05-15;17:21:40.129;application/x-bolt;23175;0512514349;132340260751386000;2020-05-15;17:21:15.139;;;;;;18007;132340260931456000;2020-05-15;17:21:33.146;;;;;;;;132000_0034388521;;;;Camera06;05;EDI+EDI;;Accept;;132000;2355;;123;Departures;;;;;;;;;;;;
D01/00000D49534C0007;132340261287855032;2020-05-15;17:22:08.786;application/x-bolt;26023;0512514361;132340261038076000;2020-05-15;17:21:43.808;;;;;;18007;132340261218146000;2020-05-15;17:22:01.815;;;;;;;;132000_0034388522;;;;;;EDI+EDI;;Accept;;132000;2367;;123;Departures;;;;;;;;;;;;
D01/00000D4953530007;132340261869204546;2020-05-15;17:23:06.920;application/x-bolt;25485;0512514364 / 0151618035;132340261619096000;2020-05-15;17:22:41.910;;;;;;18006;132340261799156000;2020-05-15;17:22:59.916;;;;;;;;132000_0034388524;;;Multiple main barcodes detected;;;EDI+EDI;;Accept;;132000;2338;;123;Departures;;;;;;;;;;;;
D01/00000D49535A0007;132340263900620115;2020-05-15;17:26:30.062;application/x-bolt;24243;0950728693;132340263616560000;2020-05-15;17:26:01.656;;;;;;18008;132340263796640000;2020-05-15;17:26:19.664;;;;;;;;131900_0034388525;;;;Camera06;06;EDI+EDI;;Accept;;131900;2424;;123;Departures;;;;;;;;;;;;
D01/00000D4953610007;132340264569291657;2020-05-15;17:27:36.929;application/x-bolt;24923;0950728695;132340264285190000;2020-05-15;17:27:08.519;;;;;;18008;132340264465270000;2020-05-15;17:27:26.527;;;;;;;;131900_0034388526;;;;Camera03;12;EDI+EDI;;Accept;;131900;2416;;123;Departures;;;;;;;;;;;;
D01/00000D4953680007;132340266231782925;2020-05-15;17:30:23.178;application/x-bolt;26094;0512514385;132340265981716000;2020-05-15;17:29:58.172;;;;;;18007;132340266161786000;2020-05-15;17:30:16.179;;;;;;;;132000_0034388529;;;;;;EDI+EDI;;Accept;;132000;2214;;123;Departures;;;;;;;;;;;;
D01/00000D49536F0006;132340266327511882;2020-05-15;17:30:32.751;application/x-bolt;21194;0512514384;132340266077636000;2020-05-15;17:30:07.764;;;;;;18007;132340266257706000;2020-05-15;17:30:25.771;;;;;;;;132000_0034388532;;;;;;EDI+EDI;;Accept;;132000;3658;;123;Departures;;;;;;;;;;;;
D01/00000D4953750007;132340266353933676;2020-05-15;17:30:35.393;application/x-bolt;24260;0512514386;132340266104026000;2020-05-15;17:30:10.403;;;;;;18007;132340266284096000;2020-05-15;17:30:28.410;;;;;;;;132000_0034388530;;;;;;EDI+EDI;;Accept;;132000;2233;;123;Departures;;;;;;;;;;;;
D01/00000D49537C0007;132340266378594016;2020-05-15;17:30:37.859;application/x-bolt;25120;0512514388;132340266128676000;2020-05-15;17:30:12.868;;;;;;18007;132340266308746000;2020-05-15;17:30:30.875;;;;;;;;132000_0034388531;;;;;;EDI+EDI;;Accept;;132000;2256;;123;Departures;;;;;;;;;;;;
D01/00000D4953830006;132340266691752317;2020-05-15;17:31:09.175;application/x-bolt;23815;0512514393 / 0790636724 / 0151613004;132340266441786000;2020-05-15;17:30:44.179;;;;;;18007;132340266621856000;2020-05-15;17:31:02.186;;;;;;;;132000_0034388533;;;Multiple main barcodes detected;;;EDI+EDI;;Accept;;132000;2249;;123;Departures;;;;;;;;;;;;
D01/00000D4953890007;132340267071425482;2020-05-15;17:31:47.143;application/x-bolt;24175;0512514396 / 0512514394;132340266821486000;2020-05-15;17:31:22.149;;;;;;18007;132340267001556000;2020-05-15;17:31:40.156;;;;;;;;132000_0034388534;;;Multiple main barcodes detected;Camera02;09;EDI+EDI;;Accept;;132000;2297;;123;Departures;;;;;;;;;;;;
D01/00000D4953900006;132340267103441890;2020-05-15;17:31:50.344;application/x-bolt;21413;0512514398;132340266853566000;2020-05-15;17:31:25.357;;;;;;18006;132340267033626000;2020-05-15;17:31:43.363;;;;;;;;132000_0034388535;;;;;;EDI+EDI;;Accept;;132000;2280;;123;Departures;;;;;;;;;;;;
D01/00000D4953960007;132340267640775097;2020-05-15;17:32:44.078;application/x-bolt;24659;0512514402;132340267390776000;2020-05-15;17:32:19.078;;;;;;18006;132340267570836000;2020-05-15;17:32:37.084;;;;;;;;132000_0034388537;;;;;;EDI+EDI;;Accept;;132000;2295;;123;Departures;;;;;;;;;;;;
D01/00000D49539D0006;132340268181230879;2020-05-15;17:33:38.123;application/x-bolt;23894;0512514407;132340267931296000;2020-05-15;17:33:13.130;;;;;;18006;132340268111356000;2020-05-15;17:33:31.136;;;;;;;;132000_0034388538;;;;;;EDI+EDI;;Accept;;132000;2302;;123;Departures;;;;;;;;;;;;
D01/00000D4953A30006;132340268495970485;2020-05-15;17:34:09.597;application/x-bolt;21335;0512514409;132340268245946000;2020-05-15;17:33:44.595;;;;;;18008;132340268426026000;2020-05-15;17:34:02.603;;;;;;;;132000_0034388539;;;;;;EDI+EDI;;Accept;;132000;2294;;123;Departures;;;;;;;;;;;;
D01/00000D4953A90006;132340272175932261;2020-05-15;17:40:17.593;application/x-bolt;23609;1555067991;132340271925876000;2020-05-15;17:39:52.588;;;;;;18007;132340272105946000;2020-05-15;17:40:10.595;;;;;;;;132000_0034388540;;;;;;EDI+EDI;;Accept;;132000;2243;;123;Departures;;;;;;;;;;;;
D01/00000D4953AF0006;132340272280685357;2020-05-15;17:40:28.069;application/x-bolt;22907;1555067991;132340272030636000;2020-05-15;17:40:03.064;;;;;;18007;132340272210706000;2020-05-15;17:40:21.071;;;;;;;;132000_0034388541;;;;Camera06;04;EDI+EDI;;Accept;;132000;2209;;123;Departures;;;;;;;;;;;;
D01/00000D4953B50006;132340272485697560;2020-05-15;17:40:48.570;application/x-bolt;23759;1555067992;132340272235546000;2020-05-15;17:40:23.555;;;;;;18006;132340272415606000;2020-05-15;17:40:41.561;;;;;;;;132000_0034388544;;;;;;EDI+EDI;;Accept;;132000;2222;;123;Departures;;;;;;;;;;;;
D01/00000D4953BB0006;132340272511620594;2020-05-15;17:40:51.162;application/x-bolt;23867;1555067991;132340272261546000;2020-05-15;17:40:26.155;;;;;;18007;132340272441616000;2020-05-15;17:40:44.162;;;;;;;;132000_0034388542;;;;;;EDI+EDI;;Accept;;132000;2230;;123;Departures;;;;;;;;;;;;
D01/00000D4953C10007;132340272594053857;2020-05-15;17:40:59.405;application/x-bolt;24532;1555067991;132340272343996000;2020-05-15;17:40:34.400;;;;;;18006;132340272524056000;2020-05-15;17:40:52.406;;;;;;;;132000_0034388543;;;;;;EDI+EDI;;Accept;;132000;2288;;123;Departures;;;;;;;;;;;;
D01/00000D4953C80007;132340272620287173;2020-05-15;17:41:02.029;application/x-bolt;24418;1555067991;132340272370166000;2020-05-15;17:40:37.017;;;;;;18006;132340272550226000;2020-05-15;17:40:55.023;;;;;;;;132000_0034388545;;;;;;EDI+EDI;;Accept;;132000;2260;;123;Departures;;;;;;;;;;;;
D01/00000D4953CF0006;132340272712999570;2020-05-15;17:41:11.300;application/x-bolt;23599;1555067991;132340272461686000;2020-05-15;17:40:46.169;;;;;;18008;132340272641766000;2020-05-15;17:41:04.177;;;;;;;;132000_0034388546;;;;Camera02;09;EDI+EDI;;Accept;;132000;2264;;123;Departures;;;;;;;;;;;;
D01/00000D4953DC0009;132340272945764091;2020-05-15;17:41:34.576;application/x-bolt;34607;;132340272567946000;2020-05-15;17:40:56.795;;;;;;30719;132340272875136000;2020-05-15;17:41:27.514;;1555067992;10081;97;;Partial;2533;132000_0034388547;;;;Camera04;06;OCR+EDI;;Accept;;132000;2278;;123;Departures;;;;;;;;;;;;
D01/00000D4953D50007;132340272906100352;2020-05-15;17:41:30.610;application/x-bolt;25126;1555067991;132340272655866000;2020-05-15;17:41:05.587;;;;;;18008;132340272835946000;2020-05-15;17:41:23.595;;;;;;;;132000_0034388548;;;;;;EDI+EDI;;Accept;;132000;2908;;123;Departures;;;;;;;;;;;;
D01/00000D4953E50006;132340273183366217;2020-05-15;17:41:58.337;application/x-bolt;21361;0000147075;132340272932976000;2020-05-15;17:41:33.298;;;;;;18016;132340273113136000;2020-05-15;17:41:51.314;;;;;;;;132000_0034388549;;;;;;EDI+EDI;;Accept;;132000;2290;;123;Departures;;;;;;;;;;;;
D01/00000D4953EB0006;132340273312646195;2020-05-15;17:42:11.265;application/x-bolt;22591;1555067992;132340273062496000;2020-05-15;17:41:46.250;;;;;;18006;132340273242556000;2020-05-15;17:42:04.256;;;;;;;;132000_0034388550;;;;Camera04;03;EDI+EDI;;Accept;;132000;2330;;123;Departures;;;;;;;;;;;;
D01/00000D4953F10006;132340273445038816;2020-05-15;17:42:24.504;application/x-bolt;21342;1555067992;132340273194936000;2020-05-15;17:41:59.494;;;;;;18007;132340273375006000;2020-05-15;17:42:17.501;;;;;;;;132000_0034388551;;;;;;EDI+EDI;;Accept;;132000;2354;;123;Departures;;;;;;;;;;;;
D01/00000D4953F70006;132340273849993305;2020-05-15;17:43:04.999;application/x-bolt;24143;1555067991;132340273599766000;2020-05-15;17:42:39.977;;;;;;18007;132340273779836000;2020-05-15;17:42:57.984;;;;;;;;132000_0034388552;;;;;;EDI+EDI;;Accept;;132000;2346;;123;Departures;;;;;;;;;;;;
D01/00000D4953FD0006;132340274044779001;2020-05-15;17:43:24.478;application/x-bolt;23845;1555067992;132340273794626000;2020-05-15;17:42:59.463;;;;;;18006;132340273974686000;2020-05-15;17:43:17.469;;;;;;;;132000_0034388555;;;;Camera02;10;EDI+EDI;;Accept;;132000;2321;;123;Departures;;;;;;;;;;;;
D01/00000D4954030007;132340274101887586;2020-05-15;17:43:30.189;application/x-bolt;25405;1555067992;132340273851566000;2020-05-15;17:43:05.157;;;;;;18024;132340274031806000;2020-05-15;17:43:23.181;;;;;;;;132000_0034388554;;;;;;EDI+EDI;;Accept;;132000;2407;;123;Departures;;;;;;;;;;;;
D01/00000D49540A0007;132340274212051301;2020-05-15;17:43:41.205;application/x-bolt;24812;1555067992;132340273961966000;2020-05-15;17:43:16.197;;;;;;18008;132340274142046000;2020-05-15;17:43:34.205;;;;;;;;132000_0034388556;;;;;;EDI+EDI;;Accept;;132000;2378;;123;Departures;;;;;;;;;;;;
D01/00000D4954110006;132340274326898997;2020-05-15;17:43:52.690;application/x-bolt;23723;1555067992;132340274076696000;2020-05-15;17:43:27.670;;;;;;18008;132340274256776000;2020-05-15;17:43:45.678;;;;;;;;132000_0034388557;;;;;;EDI+EDI;;Accept;;132000;3743;;123;Departures;;;;;;;;;;;;
D01/00000D4954170007;132340274755923959;2020-05-15;17:44:35.592;application/x-bolt;24202;1555067991;132340274505556000;2020-05-15;17:44:10.556;;;;;;18007;132340274685626000;2020-05-15;17:44:28.563;;;;;;;;132000_0034388558;;;;;;EDI+EDI;;Accept;;132000;2397;;123;Departures;;;;;;;;;;;;
D01/00000D49541E0006;132340274961158547;2020-05-15;17:44:56.116;application/x-bolt;23995;1555067991;132340274710866000;2020-05-15;17:44:31.087;;;;;;18008;132340274890946000;2020-05-15;17:44:49.095;;;;;;;;132000_0034388560;;;;;;EDI+EDI;;Accept;;132000;2404;;123;Departures;;;;;;;;;;;;
D01/00000D4954240006;132340274989662800;2020-05-15;17:44:58.966;application/x-bolt;23487;1555067992;132340274739676000;2020-05-15;17:44:33.968;;;;;;18008;132340274919756000;2020-05-15;17:44:51.976;;;;;;;;132000_0034388559;;;;;;EDI+EDI;;Accept;;132000;2438;;123;Departures;;;;;;;;;;;;
D01/00000D49542A0006;132340275465037195;2020-05-15;17:45:46.504;application/x-bolt;21395;1555067992;132340275214756000;2020-05-15;17:45:21.476;;;;;;18007;132340275394826000;2020-05-15;17:45:39.483;;;;;;;;132000_0034388561;;;;;;EDI+EDI;;Accept;;132000;2409;;123;Departures;;;;;;;;;;;;
D01/00000D4954300006;132340275885484834;2020-05-15;17:46:28.548;application/x-bolt;21224;1555067991;132340275635106000;2020-05-15;17:46:03.511;;;;;;18008;132340275815186000;2020-05-15;17:46:21.519;;;;;;;;132000_0034388562;;;;;;EDI+EDI;;Accept;;132000;2421;;123;Departures;;;;;;;;;;;;
D01/00000D4954360007;132340275949087697;2020-05-15;17:46:34.909;application/x-bolt;24262;1555067992;132340275698906000;2020-05-15;17:46:09.891;;;;;;18007;132340275878976000;2020-05-15;17:46:27.898;;;;;;;;132000_0034388565;;;;;;EDI+EDI;;Accept;;132000;2345;;123;Departures;;;;;;;;;;;;
D01/00000D49543D0007;132340275980183561;2020-05-15;17:46:38.018;application/x-bolt;24260;1555067991;132340275729066000;2020-05-15;17:46:12.907;;;;;;18087;132340275909936000;2020-05-15;17:46:30.994;;;;;;;;132000_0034388564;;;;;;EDI+EDI;;Accept;;132000;2372;;123;Departures;;;;;;;;;;;;
D01/00000D4954440006;132340276010899073;2020-05-15;17:46:41.090;application/x-bolt;23106;1555067991;132340275759156000;2020-05-15;17:46:15.916;;;;;;18155;132340275940706000;2020-05-15;17:46:34.071;;;;;;;;132000_0034388563;;;;Camera06;07;EDI+EDI;;Accept;;132000;2375;;123;Departures;;;;;;;;;;;;
D01/00000D49544A0007;132340276233504099;2020-05-15;17:47:03.350;application/x-bolt;26479;1555067991;132340275983136000;2020-05-15;17:46:38.314;;;;;;18008;132340276163216000;2020-05-15;17:46:56.322;;;;;;;;132000_0034388568;;;;;;EDI+EDI;;Accept;;132000;5101;;123;Departures;;;;;;;;;;;;
D01/00000D4954510007;132340276266841806;2020-05-15;17:47:06.684;application/x-bolt;24541;1555067992;132340276016566000;2020-05-15;17:46:41.657;;;;;;18007;132340276196636000;2020-05-15;17:46:59.664;;;;;;;;132000_0034388566;;;;;;EDI+EDI;;Accept;;132000;2408;;123;Departures;;;;;;;;;;;;
D01/00000D4954580007;132340276350421276;2020-05-15;17:47:15.042;application/x-bolt;24614;1555067991;132340276100096000;2020-05-15;17:46:50.010;;;;;;18006;132340276280156000;2020-05-15;17:47:08.016;;;;;;;;132000_0034388569;;;;;;EDI+EDI;;Accept;;132000;2444;;123;Departures;;;;;;;;;;;;
D01/00000D49545F0007;132340276407268525;2020-05-15;17:47:20.727;application/x-bolt;24440;1555067991;132340276156976000;2020-05-15;17:46:55.698;;;;;;18006;132340276337036000;2020-05-15;17:47:13.704;;;;;;;;132000_0034388567;;;;;;EDI+EDI;;Accept;;132000;2448;;123;Departures;;;;;;;;;;;;
D01/00000D4954660006;132340276435361871;2020-05-15;17:47:23.536;application/x-bolt;23882;1555067991;132340276185056000;2020-05-15;17:46:58.506;;;;;;18006;132340276365116000;2020-05-15;17:47:16.512;;;;;;;;132000_0034388570;;;;;;EDI+EDI;;Accept;;132000;2448;;123;Departures;;;;;;;;;;;;
D01/00000D49546C0007;132340276462024032;2020-05-15;17:47:26.202;application/x-bolt;25333;1555067992;132340276211546000;2020-05-15;17:47:01.155;;;;;;18020;132340276391746000;2020-05-15;17:47:19.175;;;;;;;;132000_0034388572;;;;;;EDI+EDI;;Accept;;132000;2433;;123;Departures;;;;;;;;;;;;
D01/00000D4954730006;132340276519872116;2020-05-15;17:47:31.987;application/x-bolt;23405;1555067992;132340276269586000;2020-05-15;17:47:06.959;;;;;;18010;132340276449686000;2020-05-15;17:47:24.969;;;;;;;;132000_0034388573;;;;Camera02;08;EDI+EDI;;Accept;;132000;2491;;123;Departures;;;;;;;;;;;;
D01/00000D4954790007;132340276549516754;2020-05-15;17:47:34.952;application/x-bolt;24575;1555067992;132340276299196000;2020-05-15;17:47:09.920;;;;;;18008;132340276479276000;2020-05-15;17:47:27.928;;;;;;;;132000_0034388574;;;;;;EDI+EDI;;Accept;;132000;2424;;123;Departures;;;;;;;;;;;;
D01/00000D4954800007;132340276579211436;2020-05-15;17:47:37.921;application/x-bolt;24293;1555067991;132340276329046000;2020-05-15;17:47:12.905;;;;;;18008;132340276509126000;2020-05-15;17:47:30.913;;;;;;;;132000_0034388571;;;;;;EDI+EDI;;Accept;;132000;2445;;123;Departures;;;;;;;;;;;;
D01/00000D4954870006;132340276610417375;2020-05-15;17:47:41.042;application/x-bolt;23364;1555067992;132340276359386000;2020-05-15;17:47:15.939;;;;;;18093;132340276540316000;2020-05-15;17:47:34.032;;;;;;;;132000_0034388579;;;;Camera05;01;EDI+EDI;;Accept;;132000;2454;;123;Departures;;;;;;;;;;;;
D01/00000D49548D000A;132340276719998452;2020-05-15;17:47:52.000;application/x-bolt;36558;;132340276504336000;2020-05-15;17:47:30.434;;;;;;14493;132340276649266000;2020-05-15;17:47:44.927;;;8529;200;;Reject;2742;132000_0034388577;;;"Enrichment ""VCCLicense"" cancelled: no requester available / Enrichment ""VCCNoBSM"" cancelled: no requester available";Camera06;02;VCS+VCS;;Cancel;;132000;2472;;123;Departures;;3;Cancelled: no requester available;Cancel;11481;;;2;Cancelled: no requester available;Cancel;11489;
D01/00000D4954970007;132340276786633841;2020-05-15;17:47:58.663;application/x-bolt;24639;1555067991;132340276536526000;2020-05-15;17:47:33.653;;;;;;18008;132340276716606000;2020-05-15;17:47:51.661;;;;;;;;132000_0034388575;;;;;;EDI+EDI;;Accept;;132000;2455;;123;Departures;;;;;;;;;;;;
D01/00000D49549E0006;132340277089855869;2020-05-15;17:48:28.986;application/x-bolt;22845;1555067991;132340276839616000;2020-05-15;17:48:03.962;;;;;;18007;132340277019686000;2020-05-15;17:48:21.969;;;;;;;;132000_0034388580;;;;;;EDI+EDI;;Accept;;132000;2474;;123;Departures;;;;;;;;;;;;
D01/00000D4954A40006;132340277121502171;2020-05-15;17:48:32.150;application/x-bolt;23681;1555067991;132340276871396000;2020-05-15;17:48:07.140;;;;;;18007;132340277051466000;2020-05-15;17:48:25.147;;;;;;;;132000_0034388578;;;;Camera03;09;EDI+EDI;;Accept;;132000;2508;;123;Departures;;;;;;;;;;;;
D01/00000D4954AA0007;132340277306596017;2020-05-15;17:48:50.660;application/x-bolt;24215;1555067992;132340277056536000;2020-05-15;17:48:25.654;;;;;;18008;132340277236616000;2020-05-15;17:48:43.662;;;;;;;;132000_0034388584;;;;;;EDI+EDI;;Accept;;132000;2483;;123;Departures;;;;;;;;;;;;
D01/00000D4954B10007;132340277622898916;2020-05-15;17:49:22.290;application/x-bolt;25739;1555067992;132340277372516000;2020-05-15;17:48:57.252;;;;;;18007;132340277552586000;2020-05-15;17:49:15.259;;;;;;;;132000_0034388587;;;;;;EDI+EDI;;Accept;;132000;2481;;123;Departures;;;;;;;;;;;;
D01/00000D4954B80006;132340277732680167;2020-05-15;17:49:33.268;application/x-bolt;23329;1555067992;132340277482416000;2020-05-15;17:49:08.242;;;;;;18007;132340277662486000;2020-05-15;17:49:26.249;;;;;;;;132000_0034388583;;;;;;EDI+EDI;;Accept;;132000;3167;;123;Departures;;;;;;;;;;;;
D01/00000D4954BE0007;132340277962140883;2020-05-15;17:49:56.214;application/x-bolt;26256;1555067991;132340277711836000;2020-05-15;17:49:31.184;;;;;;18014;132340277891976000;2020-05-15;17:49:49.198;;;;;;;;132000_0034388586;;;;;;EDI+EDI;;Accept;;132000;2482;;123;Departures;;;;;;;;;;;;
D01/00000D4954C50006;132340278336522057;2020-05-15;17:50:33.652;application/x-bolt;24038;1555067992;132340278086146000;2020-05-15;17:50:08.615;;;;;;18006;132340278266206000;2020-05-15;17:50:26.621;;;;;;;;132000_0034388591;;;;;;EDI+EDI;;Accept;;132000;2795;;123;Departures;;;;;;;;;;;;
D01/00000D4954CB0007;132340278367237589;2020-05-15;17:50:36.724;application/x-bolt;24817;1555067991;132340278116876000;2020-05-15;17:50:11.688;;;;;;18016;132340278297036000;2020-05-15;17:50:29.704;;;;;;;;132000_0034388588;;;;;;EDI+EDI;;Accept;;132000;2503;;123;Departures;;;;;;;;;;;;
D01/00000D4954D20006;132340278401125755;2020-05-15;17:50:40.113;application/x-bolt;24031;1555067991;132340278150896000;2020-05-15;17:50:15.090;;;;;;18006;132340278330956000;2020-05-15;17:50:33.096;;;;;;;;132000_0034388589;;;;;;EDI+EDI;;Accept;;132000;2494;;123;Departures;;;;;;;;;;;;
D01/00000D4954D80006;132340278432091494;2020-05-15;17:50:43.209;application/x-bolt;23040;1555067992;132340278181326000;2020-05-15;17:50:18.133;;;;;;18054;132340278361866000;2020-05-15;17:50:36.187;;;;;;;;132000_0034388592;;;;Camera01;09;EDI+EDI;;Accept;;132000;2489;;123;Departures;;;;;;;;;;;;
D01/00000D4954DE0007;132340278460745310;2020-05-15;17:50:46.075;application/x-bolt;24292;1555067991;132340278210466000;2020-05-15;17:50:21.047;;;;;;18007;132340278390536000;2020-05-15;17:50:39.054;;;;;;;;132000_0034388590;;;;;;EDI+EDI;;Accept;;132000;2493;;123;Departures;;;;;;;;;;;;
D01/00000D4954E50006;132340278677095133;2020-05-15;17:51:07.710;application/x-bolt;22811;1555067992;132340278426616000;2020-05-15;17:50:42.662;;;;;;18007;132340278606686000;2020-05-15;17:51:00.669;;;;;;;;132000_0034388593;;;;Camera01;09;EDI+EDI;;Accept;;132000;2510;;123;Departures;;;;;;;;;;;;
D01/00000D4954EB0007;132340278702045868;2020-05-15;17:51:10.205;application/x-bolt;26941;1555067991;132340278451676000;2020-05-15;17:50:45.168;;;;;;18006;132340278631736000;2020-05-15;17:51:03.174;;;;;;;;132000_0034388594;;;;;;EDI+EDI;;Accept;;132000;2360;;123;Departures;;;;;;;;;;;;
D01/00000D4954F20006;132340279131422754;2020-05-15;17:51:53.142;application/x-bolt;23758;1555067991 / 0815153881;132340278881096000;2020-05-15;17:51:28.110;;;;;;18007;132340279061166000;2020-05-15;17:51:46.117;;;;;;;;132000_0034388595;;;Multiple main barcodes detected;;;EDI+EDI;;Accept;;132000;3296;;123;Departures;;;;;;;;;;;;
D01/00000D4954F80006;132340279215142341;2020-05-15;17:52:01.514;application/x-bolt;23887;1555067992;132340278964896000;2020-05-15;17:51:36.490;;;;;;18006;132340279144956000;2020-05-15;17:51:54.496;;;;;;;;132000_0034388596;;;;;;EDI+EDI;;Accept;;132000;2497;;123;Departures;;;;;;;;;;;;
D01/00000D4954FE0006;132340279246388311;2020-05-15;17:52:04.639;application/x-bolt;23407;1555067992;132340278995956000;2020-05-15;17:51:39.596;;;;;;18023;132340279176186000;2020-05-15;17:51:57.619;;;;;;;;132000_0034388598;;;;Camera04;01;EDI+EDI;;Accept;;132000;2498;;123;Departures;;;;;;;;;;;;
D01/00000D4955040006;132340279436696489;2020-05-15;17:52:23.670;application/x-bolt;22699;1555067991;132340279186336000;2020-05-15;17:51:58.634;;;;;;18007;132340279366406000;2020-05-15;17:52:16.641;;;;;;;;132000_0034388597;;;;Camera06;07;EDI+EDI;;Accept;;132000;4781;;123;Departures;;;;;;;;;;;;
D01/00000D49550A0006;132340279494214299;2020-05-15;17:52:29.421;application/x-bolt;23040;1555067991;132340279244086000;2020-05-15;17:52:04.409;;;;;;18007;132340279424156000;2020-05-15;17:52:22.416;;;;;;;;132000_0034388599;;;;Camera05;08;EDI+EDI;;Accept;;132000;2482;;123;Departures;;;;;;;;;;;;
D01/00000D4955100007;132340279551101580;2020-05-15;17:52:35.110;application/x-bolt;24186;1555067991;132340279301056000;2020-05-15;17:52:10.106;;;;;;18007;132340279481126000;2020-05-15;17:52:28.113;;;;;;;;132000_0034388600;;;;;;EDI+EDI;;Accept;;132000;2454;;123;Departures;;;;;;;;;;;;
D01/00000D4955170006;132340279608088947;2020-05-15;17:52:40.809;application/x-bolt;23983;1555067991;132340279357796000;2020-05-15;17:52:15.780;;;;;;18006;132340279537856000;2020-05-15;17:52:33.786;;;;;;;;132000_0034388601;;;;Camera03;08;EDI+EDI;;Accept;;132000;2457;;123;Departures;;;;;;;;;;;;
D01/00000D49551D0006;132340279640856181;2020-05-15;17:52:44.086;application/x-bolt;21359;1555067992;132340279390556000;2020-05-15;17:52:19.056;;;;;;18008;132340279570636000;2020-05-15;17:52:37.064;;;;;;;;132000_0034388602;;;;;;EDI+EDI;;Accept;;132000;2478;;123;Departures;;;;;;;;;;;;
D01/00000D4955230006;132340279669179724;2020-05-15;17:52:46.918;application/x-bolt;23722;0512514456;132340279418476000;2020-05-15;17:52:21.848;;;;;;18044;132340279598916000;2020-05-15;17:52:39.892;;;;;;;;132000_0034388604;;;;Camera02;11;EDI+EDI;;Accept;;132000;2478;;123;Departures;;;;;;;;;;;;
D01/00000D4955290006;132340279752468950;2020-05-15;17:52:55.247;application/x-bolt;23950;1555067992;132340279502146000;2020-05-15;17:52:30.215;;;;;;18007;132340279682216000;2020-05-15;17:52:48.222;;;;;;;;132000_0034388603;;;;Camera03;08;EDI+EDI;;Accept;;132000;2459;;123;Departures;;;;;;;;;;;;
D01/00000D49552F0006;132340279809116036;2020-05-15;17:53:00.912;application/x-bolt;21417;0512514457;132340279558936000;2020-05-15;17:52:35.894;;;;;;18006;132340279738996000;2020-05-15;17:52:53.900;;;;;;;;132000_0034388605;;;;;;EDI+EDI;;Accept;;132000;2490;;123;Departures;;;;;;;;;;;;
D01/00000D4955350007;132340280202533029;2020-05-15;17:53:40.253;application/x-bolt;24432;1555067991;132340279952086000;2020-05-15;17:53:15.209;;;;;;18007;132340280132156000;2020-05-15;17:53:33.216;;;;;;;;132000_0034388606;;;;;;EDI+EDI;;Accept;;132000;2450;;123;Departures;;;;;;;;;;;;
D01/00000D49553C000A;132340280205545535;2020-05-15;17:53:40.555;application/x-bolt;36990;;132340279976256000;2020-05-15;17:53:17.626;;;;;;15867;132340280134926000;2020-05-15;17:53:33.493;;;9941;250;;Reject;2652;132000_0034388615;;;"Enrichment ""VCCLicense"" cancelled: no requester available / Enrichment ""VCCNoBSM"" cancelled: no requester available";Camera06;02;VCS+VCS;;Cancel;;132000;2386;;123;Departures;;2;Cancelled: no requester available;Cancel;12855;;;3;Cancelled: no requester available;Cancel;12862;
D01/00000D4955460006;132340280310012360;2020-05-15;17:53:51.001;application/x-bolt;23985;1555067991;132340280059646000;2020-05-15;17:53:25.965;;;;;;18008;132340280239726000;2020-05-15;17:53:43.973;;;;;;;;132000_0034388607;;;;;;EDI+EDI;;Accept;;132000;3185;;123;Departures;;;;;;;;;;;;
D01/00000D49554C0006;132340280382862912;2020-05-15;17:53:58.286;application/x-bolt;23183;0512514462;132340280132536000;2020-05-15;17:53:33.254;;;;;;18007;132340280312606000;2020-05-15;17:53:51.261;;;;;;;;132000_0034388611;;;;Camera02;09;EDI+EDI;;Accept;;132000;2480;;123;Departures;;;;;;;;;;;;
D01/00000D4955520006;132340280401048031;2020-05-15;17:54:00.105;application/x-bolt;23511;1555067991;132340280150796000;2020-05-15;17:53:35.080;;;;;;18006;132340280330856000;2020-05-15;17:53:53.086;;;;;;;;132000_0034388608;;;;Camera04;01;EDI+EDI;;Accept;;132000;2453;;123;Departures;;;;;;;;;;;;
D01/00000D4955580006;132340280517174550;2020-05-15;17:54:11.717;application/x-bolt;23191;1555067991;132340280266846000;2020-05-15;17:53:46.685;;;;;;18008;132340280446926000;2020-05-15;17:54:04.693;;;;;;;;132000_0034388609;;;;Camera01;05;EDI+EDI;;Accept;;132000;2497;;123;Departures;;;;;;;;;;;;
D01/00000D49555E0006;132340280912252925;2020-05-15;17:54:51.225;application/x-bolt;22068;1555067992;132340280661966000;2020-05-15;17:54:26.197;;;;;;18007;132340280842036000;2020-05-15;17:54:44.204;;;;;;;;132000_0034388614;;;;;;EDI+EDI;;Accept;;132000;2487;;123;Departures;;;;;;;;;;;;
D01/00000D4955640007;132340280943178633;2020-05-15;17:54:54.318;application/x-bolt;24957;1555067992;132340280692006000;2020-05-15;17:54:29.201;;;;;;18103;132340280873036000;2020-05-15;17:54:47.304;;;;;;;;132000_0034388612;;;;;;EDI+EDI;;Accept;;132000;2493;;123;Departures;;;;;;;;;;;;
D01/00000D49556B0006;132340281110767923;2020-05-15;17:55:11.077;application/x-bolt;23279;1555067992;132340280860316000;2020-05-15;17:54:46.032;;;;;;18007;132340281040386000;2020-05-15;17:55:04.039;;;;;;;;132000_0034388617;;;;;;EDI+EDI;;Accept;;132000;2512;;123;Departures;;;;;;;;;;;;
D01/00000D4955710006;132340281482707070;2020-05-15;17:55:48.271;application/x-bolt;23867;1555067992;132340281232296000;2020-05-15;17:55:23.230;;;;;;18007;132340281412366000;2020-05-15;17:55:41.237;;;;;;;;132000_0034388622;;;;;;EDI+EDI;;Accept;;132000;2507;;123;Departures;;;;;;;;;;;;
D01/00000D4955770006;132340281507567731;2020-05-15;17:55:50.757;application/x-bolt;21192;0512514463;132340281257226000;2020-05-15;17:55:25.723;;;;;;18007;132340281437296000;2020-05-15;17:55:43.730;;;;;;;;132000_0034388631;;;;;;EDI+EDI;;Accept;;132000;2316;;123;Departures;;;;;;;;;;;;
D01/00000D49557D0006;132340281541435886;2020-05-15;17:55:54.144;application/x-bolt;22846;1555067991;132340281291006000;2020-05-15;17:55:29.101;;;;;;18009;132340281471096000;2020-05-15;17:55:47.110;;;;;;;;132000_0034388619;;;;Camera04;03;EDI+EDI;;Accept;;132000;2487;;123;Departures;;;;;;;;;;;;
D01/00000D4955830006;132340281572051331;2020-05-15;17:55:57.205;application/x-bolt;22924;1555067992;132340281321076000;2020-05-15;17:55:32.108;;;;;;18077;132340281501846000;2020-05-15;17:55:50.185;;;;;;;;132000_0034388621;;;;Camera03;12;EDI+EDI;;Accept;;132000;2516;;123;Departures;;;;;;;;;;;;
D01/00000D4955890006;132340281597072125;2020-05-15;17:55:59.707;application/x-bolt;24091;1555067992;132340281346696000;2020-05-15;17:55:34.670;;;;;;18008;132340281526776000;2020-05-15;17:55:52.678;;;;;;;;132000_0034388623;;;;Camera03;10;EDI+EDI;;Accept;;132000;2511;;123;Departures;;;;;;;;;;;;
D01/00000D49558F0006;132340281627687575;2020-05-15;17:56:02.769;application/x-bolt;23178;0235705635 / 1555067991;132340281377686000;2020-05-15;17:55:37.769;;;;;;18008;132340281557766000;2020-05-15;17:55:55.777;;;;;;;;132000_0034388620;;;Multiple main barcodes detected;Camera01;08;EDI+EDI;;Accept;;132000;2505;;123;Departures;;;;;;;;;;;;
D01/00000D4955950006;132340281762219392;2020-05-15;17:56:16.222;application/x-bolt;22919;1555067991;132340281510826000;2020-05-15;17:55:51.083;;;;;;18007;132340281690896000;2020-05-15;17:56:09.090;;;;;;;;132000_0034388624;;;;Camera05;09;EDI+EDI;;Accept;;132000;2458;;123;Departures;;;;;;;;;;;;
D01/00000D49559B000A;132340281842976517;2020-05-15;17:56:24.298;application/x-bolt;37311;;132340281600356000;2020-05-15;17:56:00.036;;;;;;17159;132340281771946000;2020-05-15;17:56:17.195;;;10335;164;;Reject;3630;132000_0034388628;;;"Enrichment ""VCCLicense"" cancelled: no requester available / Enrichment ""VCCNoBSM"" cancelled: no requester available";Camera05;05;VCS+VCS;;Cancel;;132000;3375;;123;Departures;;5;Cancelled: no requester available;Cancel;14141;;;4;Cancelled: no requester available;Cancel;14151;
D01/00000D4955A50006;132340281940427158;2020-05-15;17:56:34.043;application/x-bolt;21425;1555067991;132340281690106000;2020-05-15;17:56:09.011;;;;;;18007;132340281870176000;2020-05-15;17:56:27.018;;;;;;;;132000_0034388625;;;;;;EDI+EDI;;Accept;;132000;2793;;123;Departures;;;;;;;;;;;;
D01/00000D4955AB0007;132340281973674580;2020-05-15;17:56:37.367;application/x-bolt;24961;1555067991;132340281723106000;2020-05-15;17:56:12.311;;;;;;18039;132340281903496000;2020-05-15;17:56:30.350;;;;;;;;132000_0034388627;;;;;;EDI+EDI;;Accept;;132000;2292;;123;Departures;;;;;;;;;;;;
D01/00000D4955B20007;132340282003108856;2020-05-15;17:56:40.311;application/x-bolt;24390;0950583424 / 1555067991;132340281752756000;2020-05-15;17:56:15.276;;;;;;18007;132340281932826000;2020-05-15;17:56:33.283;;;;;;;;132000_0034388629;;;Multiple main barcodes detected;Camera02;07;EDI+EDI;;Accept;;132000;2510;;123;Departures;;;;;;;;;;;;
D01/00000D4955B90006;132340282055712249;2020-05-15;17:56:45.571;application/x-bolt;21307;1555067991;132340281805506000;2020-05-15;17:56:20.551;;;;;;18006;132340281985566000;2020-05-15;17:56:38.557;;;;;;;;132000_0034388630;;;;;;EDI+EDI;;Accept;;132000;2484;;123;Departures;;;;;;;;;;;;
D01/00000D4955BF0007;132340282093143121;2020-05-15;17:56:49.314;application/x-bolt;24719;0512514467;132340281843066000;2020-05-15;17:56:24.307;;;;;;18006;132340282023126000;2020-05-15;17:56:42.313;;;;;;;;132000_0034388632;;;;;;EDI+EDI;;Accept;;132000;2485;;123;Departures;;;;;;;;;;;;
D01/00000D4955C60006;132340283131799836;2020-05-15;17:58:33.180;application/x-bolt;23097;1555067991;132340282881276000;2020-05-15;17:58:08.128;;;;;;18019;132340283061466000;2020-05-15;17:58:26.147;;;;;;;;132000_0034388633;;;;Camera03;12;EDI+EDI;;Accept;;132000;3277;;123;Departures;;;;;;;;;;;;
D01/00000D4955CC0007;132340283189527451;2020-05-15;17:58:38.953;application/x-bolt;24169;1555067991;132340282939156000;2020-05-15;17:58:13.916;;;;;;18008;132340283119236000;2020-05-15;17:58:31.924;;;;;;;;132000_0034388634;;;;;;EDI+EDI;;Accept;;132000;2491;;123;Departures;;;;;;;;;;;;
D01/00000D4955D30007;132340283270664374;2020-05-15;17:58:47.066;application/x-bolt;27372;1555067991;132340283020316000;2020-05-15;17:58:22.032;;;;;;18007;132340283200386000;2020-05-15;17:58:40.039;;;;;;;;132000_0034388635;;;;;;EDI+EDI;;Accept;;132000;2468;;123;Departures;;;;;;;;;;;;
D01/00000D4955DA0006;132340283307334620;2020-05-15;17:58:50.733;application/x-bolt;23136;0001768137 / 1555067992;132340283057066000;2020-05-15;17:58:25.707;;;;;;18007;132340283237136000;2020-05-15;17:58:43.714;;;;;;;;132000_0034388636;;;Multiple main barcodes detected;Camera03;09;EDI+EDI;;Accept;;132000;2484;;123;Departures;;;;;;;;;;;;
D01/00000D4955E00006;132340283357205756;2020-05-15;17:58:55.721;application/x-bolt;23001;1555067991 / 0950762821;132340283106836000;2020-05-15;17:58:30.684;;;;;;18007;132340283286906000;2020-05-15;17:58:48.691;;;;;;;;132000_0034388637;;;Multiple main barcodes detected;Camera04;05;EDI+EDI;;Accept;;132000;2499;;123;Departures;;;;;;;;;;;;
D01/00000D4955E60006;132340283525274383;2020-05-15;17:59:12.527;application/x-bolt;23581;1555067991 / 0235318826;132340283274876000;2020-05-15;17:58:47.488;;;;;;18009;132340283454966000;2020-05-15;17:59:05.497;;;;;;;;132000_0034388638;;;Multiple main barcodes detected;Camera04;03;EDI+EDI;;Accept;;132000;2492;;123;Departures;;;;;;;;;;;;
D01/00000D4955EC0006;132340283588866835;2020-05-15;17:59:18.887;application/x-bolt;23804;1555067991;132340283338136000;2020-05-15;17:58:53.814;;;;;;18011;132340283518246000;2020-05-15;17:59:11.825;;;;;;;;132000_0034388639;;;;Camera02;11;EDI+EDI;;Accept;;132000;2519;;123;Departures;;;;;;;;;;;;
D01/00000D4955F20006;132340283618231056;2020-05-15;17:59:21.823;application/x-bolt;24107;1555067992;132340283368176000;2020-05-15;17:58:56.818;;;;;;18006;132340283548236000;2020-05-15;17:59:14.824;;;;;;;;132000_0034388641;;;;;;EDI+EDI;;Accept;;132000;2521;;123;Departures;;;;;;;;;;;;
D01/00000D4955F80006;132340283676178854;2020-05-15;17:59:27.618;application/x-bolt;23454;1555067992;132340283425926000;2020-05-15;17:59:02.593;;;;;;18007;132340283605996000;2020-05-15;17:59:20.600;;;;;;;;132000_0034388642;;;;Camera02;10;EDI+EDI;;Accept;;132000;2498;;123;Departures;;;;;;;;;;;;
D01/00000D4955FE0007;132340283733335995;2020-05-15;17:59:33.334;application/x-bolt;24354;1555067991;132340283483036000;2020-05-15;17:59:08.304;;;;;;18007;132340283663106000;2020-05-15;17:59:26.311;;;;;;;;132000_0034388640;;;;;;EDI+EDI;;Accept;;132000;2477;;123;Departures;;;;;;;;;;;;
D01/00000D4956050006;132340283776191361;2020-05-15;17:59:37.619;application/x-bolt;21132;1555067992;132340283525916000;2020-05-15;17:59:12.592;;;;;;18007;132340283705986000;2020-05-15;17:59:30.599;;;;;;;;132000_0034388643;;;;;;EDI+EDI;;Accept;;132000;2587;;123;Departures;;;;;;;;;;;;
D01/00000D49560B0006;132340284272140418;2020-05-15;18:00:27.214;application/x-bolt;23631;1555067991;132340284021796000;2020-05-15;18:00:02.180;;;;;;18006;132340284201856000;2020-05-15;18:00:20.186;;;;;;;;132000_0034388644;;;;Camera03;10;EDI+EDI;;Accept;;132000;2497;;123;Departures;;;;;;;;;;;;
D01/00000D4956110006;132340284331619479;2020-05-15;18:00:33.162;application/x-bolt;23594;0096927729 / 1555067992;132340284081246000;2020-05-15;18:00:08.125;;;;;;18007;132340284261316000;2020-05-15;18:00:26.132;;;;;;;;132000_0034388645;;;Multiple main barcodes detected;;;EDI+EDI;;Accept;;132000;2467;;123;Departures;;;;;;;;;;;;
D01/00000D4956170007;132340284688243632;2020-05-15;18:01:08.824;application/x-bolt;24219;1555067992;132340284437886000;2020-05-15;18:00:43.789;;;;;;18007;132340284617956000;2020-05-15;18:01:01.796;;;;;;;;132000_0034388646;;;;;;EDI+EDI;;Accept;;132000;2489;;123;Departures;;;;;;;;;;;;
D01/00000D49561E0007;132340284907084136;2020-05-15;18:01:30.708;application/x-bolt;26103;1555067992;132340284656536000;2020-05-15;18:01:05.654;;;;;;18007;132340284836606000;2020-05-15;18:01:23.661;;;;;;;;132000_0034388647;;;;;;EDI+EDI;;Accept;;132000;2484;;123;Departures;;;;;;;;;;;;
D01/00000D4956250006;132340285168459728;2020-05-15;18:01:56.846;application/x-bolt;23759;1555067992;132340284918136000;2020-05-15;18:01:31.814;;;;;;18007;132340285098206000;2020-05-15;18:01:49.821;;;;;;;;132000_0034388648;;;;;;EDI+EDI;;Accept;;132000;2427;;123;Departures;;;;;;;;;;;;
D01/00000D49562B0006;132340285657152813;2020-05-15;18:02:45.715;application/x-bolt;22819;1555067992;132340285407096000;2020-05-15;18:02:20.710;;;;;;18007;132340285587166000;2020-05-15;18:02:38.717;;;;;;;;132000_0034388650;;;;Camera03;05;EDI+EDI;;Accept;;132000;2709;;123;Departures;;;;;;;;;;;;
D01/00000D4956310006;132340286539460566;2020-05-15;18:04:13.946;application/x-bolt;23254;1555067991;132340286289036000;2020-05-15;18:03:48.904;;;;;;18007;132340286469106000;2020-05-15;18:04:06.911;;;;;;;;132000_0034388649;;;;Camera06;05;EDI+EDI;;Accept;;132000;2501;;123;Departures;;;;;;;;;;;;
D01/00000D4956370006;132340286700843681;2020-05-15;18:04:30.084;application/x-bolt;22543;1555067992;132340286450526000;2020-05-15;18:04:05.053;;;;;;18007;132340286630596000;2020-05-15;18:04:23.060;;;;;;;;132000_0034388651;;;;Camera04;03;EDI+EDI;;Accept;;132000;2398;;123;Departures;;;;;;;;;;;;
D01/00000D49563D0007;132340286893192334;2020-05-15;18:04:49.319;application/x-bolt;24516;1555067991;132340286642926000;2020-05-15;18:04:24.293;;;;;;18007;132340286822996000;2020-05-15;18:04:42.300;;;;;;;;132000_0034388652;;;;;;EDI+EDI;;Accept;;132000;2272;;123;Departures;;;;;;;;;;;;
D01/00000D4956440006;132340286948718136;2020-05-15;18:04:54.872;application/x-bolt;21382;1555067992;132340286698376000;2020-05-15;18:04:29.838;;;;;;18018;132340286878556000;2020-05-15;18:04:47.856;;;;;;;;132000_0034388653;;;;;;EDI+EDI;;Accept;;132000;2329;;123;Departures;;;;;;;;;;;;
D01/00000D49564A0006;132340287807146188;2020-05-15;18:06:20.715;application/x-bolt;23404;1555067991;132340287556786000;2020-05-15;18:05:55.679;;;;;;18007;132340287736856000;2020-05-15;18:06:13.686;;;;;;;;132000_0034388654;;;;;;EDI+EDI;;Accept;;132000;2332;;123;Departures;;;;;;;;;;;;
D01/00000D4956500006;132340287835729765;2020-05-15;18:06:23.573;application/x-bolt;23506;1555067992;132340287584636000;2020-05-15;18:05:58.464;;;;;;18007;132340287764706000;2020-05-15;18:06:16.471;;;;;;;;132000_0034388655;;;;;;EDI+EDI;;Accept;;132000;2315;;123;Departures;;;;;;;;;;;;
D01/00000D4956560006;132340288023214409;2020-05-15;18:06:42.321;application/x-bolt;23840;1555067992;132340287772886000;2020-05-15;18:06:17.289;;;;;;18006;132340287952946000;2020-05-15;18:06:35.295;;;;;;;;132000_0034388656;;;;;;EDI+EDI;;Accept;;132000;2366;;123;Departures;;;;;;;;;;;;
D01/00000D49565C0007;132340288299282118;2020-05-15;18:07:09.928;application/x-bolt;26278;1555067992;132340288048936000;2020-05-15;18:06:44.894;;;;;;18007;132340288229006000;2020-05-15;18:07:02.901;;;;;;;;132000_0034388657;;;;;;EDI+EDI;;Accept;;132000;2317;;123;Departures;;;;;;;;;;;;
D01/00000D4956630006;132340288389236312;2020-05-15;18:07:18.924;application/x-bolt;23541;1555067992;132340288139136000;2020-05-15;18:06:53.914;;;;;;18006;132340288319196000;2020-05-15;18:07:11.920;;;;;;;;132000_0034388658;;;;Camera05;06;EDI+EDI;;Accept;;132000;2316;;123;Departures;;;;;;;;;;;;
D01/00000D4956690006;132340289192158588;2020-05-15;18:08:39.216;application/x-bolt;23783;1555067992;132340288939306000;2020-05-15;18:08:13.931;;;;;;18006;132340289119366000;2020-05-15;18:08:31.937;;;;;;;;132000_0034388660;;;;Camera04;01;EDI+EDI;;Accept;;132000;2304;;123;Departures;;;;;;;;;;;;
D01/00000D49566F0006;132340289225906422;2020-05-15;18:08:42.591;application/x-bolt;23082;1555067991;132340288972106000;2020-05-15;18:08:17.211;;;;;;18354;132340289155646000;2020-05-15;18:08:35.565;;;;;;;;132000_0034388659;;;;Camera03;13;EDI+EDI;;Accept;;132000;2326;;123;Departures;;;;;;;;;;;;
D01/00000D49567B0009;132340289412930690;2020-05-15;18:09:01.293;application/x-bolt;35313;;132340289026726000;2020-05-15;18:08:22.673;;;;;;31538;132340289342106000;2020-05-15;18:08:54.211;;1555067992;10782;154;;Partial;2592;132000_0034388662;;;;Camera03;13;OCR+EDI;;Accept;;132000;2314;;123;Departures;;;;;;;;;;;;
D01/00000D4956750006;132340289362689242;2020-05-15;18:08:56.269;application/x-bolt;23439;1555067991 / 1555067971;132340289112326000;2020-05-15;18:08:31.233;;;;;;18007;132340289292396000;2020-05-15;18:08:49.240;;;;;;;;132000_0034388661;;;Multiple main barcodes detected;Camera06;04;EDI+EDI;;Accept;;132000;4323;;123;Departures;;;;;;;;;;;;
D01/00000D4956840006;132340289616568650;2020-05-15;18:09:21.657;application/x-bolt;21338;1555067991;132340289366176000;2020-05-15;18:08:56.618;;;;;;18007;132340289546246000;2020-05-15;18:09:14.625;;;;;;;;132000_0034388663;;;;;;EDI+EDI;;Accept;;132000;2364;;123;Departures;;;;;;;;;;;;
D01/00000D49568A0006;132340289846268113;2020-05-15;18:09:44.627;application/x-bolt;22911;1555067992;132340289595846000;2020-05-15;18:09:19.585;;;;;;18006;132340289775906000;2020-05-15;18:09:37.591;;;;;;;;132000_0034388664;;;;Camera05;03;EDI+EDI;;Accept;;132000;3824;;123;Departures;;;;;;;;;;;;
D01/00000D4956900006;132340290039697659;2020-05-15;18:10:03.970;application/x-bolt;21182;1555067991;132340289789556000;2020-05-15;18:09:38.956;;;;;;18006;132340289969616000;2020-05-15;18:09:56.962;;;;;;;;132000_0034388665;;;;;;EDI+EDI;;Accept;;132000;2323;;123;Departures;;;;;;;;;;;;
D01/00000D4956960006;132340290494092456;2020-05-15;18:10:49.409;application/x-bolt;22550;1555067992;132340290243736000;2020-05-15;18:10:24.374;;;;;;18007;132340290423806000;2020-05-15;18:10:42.381;;;;;;;;132000_0034388666;;;;Camera03;12;EDI+EDI;;Accept;;132000;2353;;123;Departures;;;;;;;;;;;;
D01/00000D49569C000A;132340290644066167;2020-05-15;18:11:04.407;application/x-bolt;36875;;132340290410456000;2020-05-15;18:10:41.046;;;;;;16269;132340290573146000;2020-05-15;18:10:57.315;;;10400;189;;Reject;2658;132000_0034388667;;;"Enrichment ""VCCLicense"" cancelled: no requester available / Enrichment ""VCCNoBSM"" cancelled: no requester available";Camera01;04;VCS+VCS;;Cancel;;132000;2367;;123;Departures;;2;Cancelled: no requester available;Cancel;13258;;;3;Cancelled: no requester available;Cancel;13265;
D01/00000D4956A60007;132340290804808744;2020-05-15;18:11:20.481;application/x-bolt;25520;1555067991;132340290554516000;2020-05-15;18:10:55.452;;;;;;18011;132340290734626000;2020-05-15;18:11:13.463;;;;;;;;132000_0034388668;;;;;;EDI+EDI;;Accept;;132000;2372;;123;Departures;;;;;;;;;;;;
D01/00000D4956AD0006;132340291774098240;2020-05-15;18:12:57.410;application/x-bolt;21201;1555067992;132340291523516000;2020-05-15;18:12:32.352;;;;;;18010;132340291703616000;2020-05-15;18:12:50.362;;;;;;;;132000_0034388669;;;;;;EDI+EDI;;Accept;;132000;3065;;123;Departures;;;;;;;;;;;;
D01/00000D4956B30006;132340291877323387;2020-05-15;18:13:07.732;application/x-bolt;23849;1555067992;132340291627066000;2020-05-15;18:12:42.707;;;;;;18007;132340291807136000;2020-05-15;18:13:00.714;;;;;;;;132000_0034388670;;;;;;EDI+EDI;;Accept;;132000;2323;;123;Departures;;;;;;;;;;;;
D01/00000D4956B90006;132340293235543681;2020-05-15;18:15:23.554;application/x-bolt;23662;1555067992;132340292984996000;2020-05-15;18:14:58.500;;;;;;18007;132340293165066000;2020-05-15;18:15:16.507;;;;;;;;132000_0034388671;;;;Camera04;09;EDI+EDI;;Accept;;132000;2284;;123;Departures;;;;;;;;;;;;
D01/00000D4956BF0006;132340293323736427;2020-05-15;18:15:32.374;application/x-bolt;23350;1555067991;132340293073356000;2020-05-15;18:15:07.336;;;;;;18007;132340293253426000;2020-05-15;18:15:25.343;;;;;;;;132000_0034388676;;;;Camera03;10;EDI+EDI;;Accept;;132000;2293;;123;Departures;;;;;;;;;;;;
D01/00000D4956C50006;132340293435898943;2020-05-15;18:15:43.590;application/x-bolt;22513;1555067991 / 0096115625;132340293185626000;2020-05-15;18:15:18.563;;;;;;18007;132340293365696000;2020-05-15;18:15:36.570;;;;;;;;132000_0034388674;;;Multiple main barcodes detected;Camera05;03;EDI+EDI;;Accept;;132000;2265;;123;Departures;;;;;;;;;;;;
D01/00000D4956CB0006;132340293488282149;2020-05-15;18:15:48.828;application/x-bolt;22742;1555067992;132340293237836000;2020-05-15;18:15:23.784;;;;;;18007;132340293417906000;2020-05-15;18:15:41.791;;;;;;;;132000_0034388675;;;;Camera03;13;EDI+EDI;;Accept;;132000;2289;;123;Departures;;;;;;;;;;;;
D01/00000D4956D10006;132340293833146601;2020-05-15;18:16:23.315;application/x-bolt;23197;1555067991;132340293582726000;2020-05-15;18:15:58.273;;;;;;18006;132340293762786000;2020-05-15;18:16:16.279;;;;;;;;132000_0034388677;;;;Camera01;08;EDI+EDI;;Accept;;132000;2308;;123;Departures;;;;;;;;;;;;
D01/00000D4956D70006;132340294426756237;2020-05-15;18:17:22.676;application/x-bolt;22401;1555067992;132340294176426000;2020-05-15;18:16:57.643;;;;;;18007;132340294356496000;2020-05-15;18:17:15.650;;;;;;;;132000_0034388678;;;;Camera05;06;EDI+EDI;;Accept;;132000;2289;;123;Departures;;;;;;;;;;;;
D01/00000D4956DD0006;132340294512366840;2020-05-15;18:17:31.237;application/x-bolt;23421;1555067992;132340294262046000;2020-05-15;18:17:06.205;;;;;;18007;132340294442116000;2020-05-15;18:17:24.212;;;;;;;;132000_0034388680;;;;Camera02;10;EDI+EDI;;Accept;;132000;2284;;123;Departures;;;;;;;;;;;;
D01/00000D4956E30006;132340294565810924;2020-05-15;18:17:36.581;application/x-bolt;23007;1555067992;132340294315446000;2020-05-15;18:17:11.545;;;;;;18007;132340294495516000;2020-05-15;18:17:29.552;;;;;;;;132000_0034388679;;;;Camera03;12;EDI+EDI;;Accept;;132000;2294;;123;Departures;;;;;;;;;;;;
D01/00000D4956E90006;132340294591972499;2020-05-15;18:17:39.197;application/x-bolt;23662;1555067992;132340294341606000;2020-05-15;18:17:14.161;;;;;;18007;132340294521676000;2020-05-15;18:17:32.168;;;;;;;;132000_0034388681;;;;Camera03;08;EDI+EDI;;Accept;;132000;2319;;123;Departures;;;;;;;;;;;;
D01/00000D4956EF0006;132340295024879579;2020-05-15;18:18:22.488;application/x-bolt;23014;1555067992;132340294774476000;2020-05-15;18:17:57.448;;;;;;18007;132340294954546000;2020-05-15;18:18:15.455;;;;;;;;132000_0034388682;;;;Camera01;09;EDI+EDI;;Accept;;132000;2323;;123;Departures;;;;;;;;;;;;
D01/00000D4956F50006;132340295137942831;2020-05-15;18:18:33.794;application/x-bolt;22590;1555067992;132340294887596000;2020-05-15;18:18:08.760;;;;;;18007;132340295067666000;2020-05-15;18:18:26.767;;;;;;;;132000_0034388683;;;;Camera01;12;EDI+EDI;;Accept;;132000;2330;;123;Departures;;;;;;;;;;;;
D01/00000D4956FB0007;132340295503144063;2020-05-15;18:19:10.314;application/x-bolt;24515;1555067992;132340295252746000;2020-05-15;18:18:45.275;;;;;;18007;132340295432816000;2020-05-15;18:19:03.282;;;;;;;;132000_0034388684;;;;;;EDI+EDI;;Accept;;132000;2315;;123;Departures;;;;;;;;;;;;
D01/00000D4957020007;132340295761697323;2020-05-15;18:19:36.170;application/x-bolt;24971;1555067991;132340295510556000;2020-05-15;18:19:11.056;;;;;;18008;132340295690636000;2020-05-15;18:19:29.064;;;;;;;;132000_0034388685;;;;;;EDI+EDI;;Accept;;132000;4354;;123;Departures;;;;;;;;;;;;
D01/00000D4957090009;132340295844545660;2020-05-15;18:19:44.455;application/x-bolt;35650;;132340295617406000;2020-05-15;18:19:21.741;;;;;;15645;132340295773856000;2020-05-15;18:19:37.386;;;9930;67;;Reject;2626;132000_0034388687;;;"Enrichment ""VCCLicense"" cancelled: no requester available / Enrichment ""VCCNoBSM"" cancelled: no requester available";;;VCS+VCS;;Cancel;;132000;2347;;123;Departures;;2;Cancelled: no requester available;Cancel;12633;;;3;Cancelled: no requester available;Cancel;12640;
D01/00000D4957120006;132340295960781531;2020-05-15;18:19:56.078;application/x-bolt;23184;1555067991 / 0950417556;132340295710276000;2020-05-15;18:19:31.028;;;;;;18008;132340295890356000;2020-05-15;18:19:49.036;;;;;;;;132000_0034388686;;;Multiple main barcodes detected;;;EDI+EDI;;Accept;;132000;4377;;123;Departures;;;;;;;;;;;;
D01/00000D4957180007;132340296014806093;2020-05-15;18:20:01.481;application/x-bolt;25036;1555067992;132340295764486000;2020-05-15;18:19:36.449;;;;;;18007;132340295944556000;2020-05-15;18:19:54.456;;;;;;;;132000_0034388688;;;;;;EDI+EDI;;Accept;;132000;2384;;123;Departures;;;;;;;;;;;;
D01/00000D49571F0007;132340296509904466;2020-05-15;18:20:50.990;application/x-bolt;24421;1555067991;132340296259496000;2020-05-15;18:20:25.950;;;;;;18007;132340296439566000;2020-05-15;18:20:43.957;;;;;;;;132000_0034388690;;;;;;EDI+EDI;;Accept;;132000;2375;;123;Departures;;;;;;;;;;;;
D01/00000D4957260006;132340297325026803;2020-05-15;18:22:12.503;application/x-bolt;23153;1555067991;132340297074586000;2020-05-15;18:21:47.459;;;;;;18008;132340297254666000;2020-05-15;18:22:05.467;;;;;;;;132000_0034388691;;;;Camera05;03;EDI+EDI;;Accept;;132000;2348;;123;Departures;;;;;;;;;;;;
D01/00000D49572C0007;132340297882987021;2020-05-15;18:23:08.299;application/x-bolt;24894;1555067991;132340297632536000;2020-05-15;18:22:43.254;;;;;;18007;132340297812606000;2020-05-15;18:23:01.261;;;;;;;;132000_0034388692;;;;;;EDI+EDI;;Accept;;132000;2331;;123;Departures;;;;;;;;;;;;
D01/00000D4957330007;132340300211747850;2020-05-15;18:27:01.175;application/x-bolt;24303;1555067992;132340299961266000;2020-05-15;18:26:36.127;;;;;;18007;132340300141336000;2020-05-15;18:26:54.134;;;;;;;;132000_0034388694;;;;Camera04;03;EDI+EDI;;Accept;;132000;2240;;123;Departures;;;;;;;;;;;;
D01/00000D49573A0006;132340300415255705;2020-05-15;18:27:21.526;application/x-bolt;22715;1555067992;132340300165106000;2020-05-15;18:26:56.511;;;;;;18007;132340300345176000;2020-05-15;18:27:14.518;;;;;;;;132000_0034388695;;;;Camera01;06;EDI+EDI;;Accept;;132000;2225;;123;Departures;;;;;;;;;;;;
D01/00000D4957400006;132340300442488171;2020-05-15;18:27:24.249;application/x-bolt;23051;1555067992;132340300192106000;2020-05-15;18:26:59.211;;;;;;18007;132340300372176000;2020-05-15;18:27:17.218;;;;;;;;132000_0034388696;;;;Camera01;09;EDI+EDI;;Accept;;132000;2255;;123;Departures;;;;;;;;;;;;
D01/00000D4957460006;132340300699059796;2020-05-15;18:27:49.906;application/x-bolt;22419;1555067992;132340300448576000;2020-05-15;18:27:24.858;;;;;;18006;132340300628636000;2020-05-15;18:27:42.864;;;;;;;;132000_0034388697;;;;Camera01;08;EDI+EDI;;Accept;;132000;2266;;123;Departures;;;;;;;;;;;;
D01/00000D49574C0006;132340301150201913;2020-05-15;18:28:35.020;application/x-bolt;23717;1555067991;132340300899686000;2020-05-15;18:28:09.969;;;;;;18007;132340301079756000;2020-05-15;18:28:27.976;;;;;;;;132000_0034388698;;;;;;EDI+EDI;;Accept;;132000;5450;;123;Departures;;;;;;;;;;;;
D01/00000D4957520006;132340301343811607;2020-05-15;18:28:54.381;application/x-bolt;22377;1555067992;132340301093396000;2020-05-15;18:28:29.340;;;;;;18007;132340301273466000;2020-05-15;18:28:47.347;;;;;;;;132000_0034388700;;;;Camera01;07;EDI+EDI;;Accept;;132000;2223;;123;Departures;;;;;;;;;;;;
D01/00000D4957580006;132340301434866710;2020-05-15;18:29:03.487;application/x-bolt;23940;1555067991 / 0950533285;132340301184466000;2020-05-15;18:28:38.447;;;;;;18006;132340301364526000;2020-05-15;18:28:56.453;;;;;;;;132000_0034388699;;;Multiple main barcodes detected;;;EDI+EDI;;Accept;;132000;2290;;123;Departures;;;;;;;;;;;;
D01/00000D49575E0007;132340301856194231;2020-05-15;18:29:45.619;application/x-bolt;24316;1555067992;132340301605806000;2020-05-15;18:29:20.581;;;;;;18006;132340301785866000;2020-05-15;18:29:38.587;;;;;;;;132000_0034388701;;;;;;EDI+EDI;;Accept;;132000;2838;;123;Departures;;;;;;;;;;;;
D01/00000D4957650007;132340302955260782;2020-05-15;18:31:35.526;application/x-bolt;24240;1555067991;132340302704836000;2020-05-15;18:31:10.484;;;;;;18007;132340302884906000;2020-05-15;18:31:28.491;;;;;;;;132000_0034388703;;;;;;EDI+EDI;;Accept;;132000;4931;;123;Departures;;;;;;;;;;;;
D01/00000D49576C0007;132340303128964050;2020-05-15;18:31:52.896;application/x-bolt;25087;1555067992;132340302878606000;2020-05-15;18:31:27.861;;;;;;18008;132340303058686000;2020-05-15;18:31:45.869;;;;;;;;132000_0034388704;;;;;;EDI+EDI;;Accept;;132000;2314;;123;Departures;;;;;;;;;;;;
D01/00000D4957730007;132340303488740801;2020-05-15;18:32:28.874;application/x-bolt;24165;1555067992;132340303238256000;2020-05-15;18:32:03.826;;;;;;18006;132340303418316000;2020-05-15;18:32:21.832;;;;;;;;132000_0034388705;;;;;;EDI+EDI;;Accept;;132000;2320;;123;Departures;;;;;;;;;;;;
D01/00000D49577A0006;132340303547429209;2020-05-15;18:32:34.743;application/x-bolt;24122;1555067992;132340303296996000;2020-05-15;18:32:09.700;;;;;;18007;132340303477066000;2020-05-15;18:32:27.707;;;;;;;;132000_0034388706;;;;;;EDI+EDI;;Accept;;132000;2290;;123;Departures;;;;;;;;;;;;
D01/00000D4957800006;132340303806472878;2020-05-15;18:33:00.647;application/x-bolt;23280;1555067992;132340303556066000;2020-05-15;18:32:35.607;;;;;;18006;132340303736126000;2020-05-15;18:32:53.613;;;;;;;;132000_0034388708;;;;Camera01;09;EDI+EDI;;Accept;;132000;2320;;123;Departures;;;;;;;;;;;;
D01/00000D4957860006;132340303963762613;2020-05-15;18:33:16.376;application/x-bolt;23353;1555067992;132340303713536000;2020-05-15;18:32:51.354;;;;;;18007;132340303893606000;2020-05-15;18:33:09.361;;;;;;;;132000_0034388709;;;;;;EDI+EDI;;Accept;;132000;4057;;123;Departures;;;;;;;;;;;;
D01/00000D49578C0006;132340304021250030;2020-05-15;18:33:22.125;application/x-bolt;23897;1555067992;132340303770906000;2020-05-15;18:32:57.091;;;;;;18007;132340303950976000;2020-05-15;18:33:15.098;;;;;;;;132000_0034388710;;;;;;EDI+EDI;;Accept;;132000;2342;;123;Departures;;;;;;;;;;;;
D01/00000D4957920006;132340304901526109;2020-05-15;18:34:50.153;application/x-bolt;22412;1555067991;132340304649926000;2020-05-15;18:34:24.993;;;;;;18007;132340304829996000;2020-05-15;18:34:43.000;;;;;;;;132000_0034388711;;;;Camera02;12;EDI+EDI;;Accept;;132000;2290;;123;Departures;;;;;;;;;;;;
D01/00000D4957980007;132340304934423240;2020-05-15;18:34:53.442;application/x-bolt;24561;1555067992;132340304683996000;2020-05-15;18:34:28.400;;;;;;18007;132340304864066000;2020-05-15;18:34:46.407;;;;;;;;132000_0034388713;;;;;;EDI+EDI;;Accept;;132000;2326;;123;Departures;;;;;;;;;;;;
D01/00000D49579F0006;132340304962796646;2020-05-15;18:34:56.280;application/x-bolt;23168;1555067991;132340304712186000;2020-05-15;18:34:31.219;;;;;;18036;132340304892546000;2020-05-15;18:34:49.255;;;;;;;;132000_0034388712;;;;Camera03;05;EDI+EDI;;Accept;;132000;2322;;123;Departures;;;;;;;;;;;;
D01/00000D4957A50006;132340305045444815;2020-05-15;18:35:04.544;application/x-bolt;23438;1555067991;132340304795106000;2020-05-15;18:34:39.511;;;;;;18006;132340304975166000;2020-05-15;18:34:57.517;;;;;;;;132000_0034388714;;;;Camera02;10;EDI+EDI;;Accept;;132000;2320;;123;Departures;;;;;;;;;;;;
D01/00000D4957AB0006;132340305088190073;2020-05-15;18:35:08.819;application/x-bolt;23823;1555067992;132340304837766000;2020-05-15;18:34:43.777;;;;;;18006;132340305017826000;2020-05-15;18:35:01.783;;;;;;;;132000_0034388715;;;;Camera01;06;EDI+EDI;;Accept;;132000;2350;;123;Departures;;;;;;;;;;;;
D01/00000D4957B10006;132340305745412180;2020-05-15;18:36:14.541;application/x-bolt;23799;1555067992;132340305494936000;2020-05-15;18:35:49.494;;;;;;18007;132340305675006000;2020-05-15;18:36:07.501;;;;;;;;132000_0034388716;;;;Camera04;03;EDI+EDI;;Accept;;132000;2338;;123;Departures;;;;;;;;;;;;
D01/00000D4957B70006;132340305916385251;2020-05-15;18:36:31.639;application/x-bolt;21527;1555067992 / 0096668971;132340305665886000;2020-05-15;18:36:06.589;;;;;;18007;132340305845956000;2020-05-15;18:36:24.596;;;;;;;;132000_0034388717;;;Multiple main barcodes detected;;;EDI+EDI;;Accept;;132000;2351;;123;Departures;;;;;;;;;;;;
D01/00000D4957BD0006;132340306365734600;2020-05-15;18:37:16.573;application/x-bolt;24067;1555067992;132340306115266000;2020-05-15;18:36:51.527;;;;;;18007;132340306295336000;2020-05-15;18:37:09.534;;;;;;;;132000_0034388718;;;;;;EDI+EDI;;Accept;;132000;3890;;123;Departures;;;;;;;;;;;;
D01/00000D4957C30006;132340306655321965;2020-05-15;18:37:45.532;application/x-bolt;23285;1555067992;132340306404856000;2020-05-15;18:37:20.486;;;;;;18007;132340306584926000;2020-05-15;18:37:38.493;;;;;;;;132000_0034388720;;;;Camera02;10;EDI+EDI;;Accept;;132000;2934;;123;Departures;;;;;;;;;;;;
D01/00000D4957C90006;132340306718708300;2020-05-15;18:37:51.871;application/x-bolt;23419;1555067991;132340306468216000;2020-05-15;18:37:26.822;;;;;;18007;132340306648286000;2020-05-15;18:37:44.829;;;;;;;;132000_0034388719;;;;Camera02;11;EDI+EDI;;Accept;;132000;2363;;123;Departures;;;;;;;;;;;;
D01/00000D4957CF0006;132340306745211850;2020-05-15;18:37:54.521;application/x-bolt;23576;1555067992;132340306494766000;2020-05-15;18:37:29.477;;;;;;18006;132340306674826000;2020-05-15;18:37:47.483;;;;;;;;132000_0034388721;;;;Camera01;10;EDI+EDI;;Accept;;132000;2376;;123;Departures;;;;;;;;;;;;
D01/00000D4957D50006;132340306771194939;2020-05-15;18:37:57.119;application/x-bolt;23843;1555067992;132340306520726000;2020-05-15;18:37:32.073;;;;;;18007;132340306700796000;2020-05-15;18:37:50.080;;;;;;;;132000_0034388722;;;;Camera03;07;EDI+EDI;;Accept;;132000;2382;;123;Departures;;;;;;;;;;;;
D01/00000D4957DB0006;132340306827835280;2020-05-15;18:38:02.784;application/x-bolt;24118;1555067992;132340306577286000;2020-05-15;18:37:37.729;;;;;;18008;132340306757366000;2020-05-15;18:37:55.737;;;;;;;;132000_0034388724;;;;;;EDI+EDI;;Accept;;132000;2396;;123;Departures;;;;;;;;;;;;
D01/00000D4957E10007;132340306940765642;2020-05-15;18:38:14.077;application/x-bolt;24702;1555067991;132340306690266000;2020-05-15;18:37:49.027;;;;;;18007;132340306870336000;2020-05-15;18:38:07.034;;;;;;;;132000_0034388723;;;;;;EDI+EDI;;Accept;;132000;2406;;123;Departures;;;;;;;;;;;;
D01/00000D4957E80006;132340307256286056;2020-05-15;18:38:45.629;application/x-bolt;23765;1555067991;132340307005666000;2020-05-15;18:38:20.567;;;;;;18006;132340307185726000;2020-05-15;18:38:38.573;;;;;;;;132000_0034388725;;;;;;EDI+EDI;;Accept;;132000;2849;;123;Departures;;;;;;;;;;;;
D01/00000D4957EE0006;132340307453110979;2020-05-15;18:39:05.311;application/x-bolt;21292;1555067992;132340307202546000;2020-05-15;18:38:40.255;;;;;;18006;132340307382606000;2020-05-15;18:38:58.261;;;;;;;;132000_0034388727;;;;;;EDI+EDI;;Accept;;132000;3161;;123;Departures;;;;;;;;;;;;
D01/00000D4957F40006;132340307510972399;2020-05-15;18:39:11.097;application/x-bolt;23207;1555067992 / 0000258241;132340307260496000;2020-05-15;18:38:46.050;;;;;;18006;132340307440556000;2020-05-15;18:39:04.056;;;;;;;;132000_0034388728;;;Multiple main barcodes detected;Camera02;10;EDI+EDI;;Accept;;132000;2396;;123;Departures;;;;;;;;;;;;
D01/00000D4957FA0006;132340307542920792;2020-05-15;18:39:14.292;application/x-bolt;22539;1555067991;132340307292446000;2020-05-15;18:38:49.245;;;;;;18007;132340307472516000;2020-05-15;18:39:07.252;;;;;;;;132000_0034388726;;;;Camera02;09;EDI+EDI;;Accept;;132000;2406;;123;Departures;;;;;;;;;;;;
D01/00000D4958000007;132340307826282629;2020-05-15;18:39:42.628;application/x-bolt;24480;1555067991;132340307575586000;2020-05-15;18:39:17.559;;;;;;18008;132340307755666000;2020-05-15;18:39:35.567;;;;;;;;132000_0034388729;;;;;;EDI+EDI;;Accept;;132000;2425;;123;Departures;;;;;;;;;;;;
D01/00000D4958070006;132340307857029955;2020-05-15;18:39:45.703;application/x-bolt;23861;1555067992;132340307605676000;2020-05-15;18:39:20.568;;;;;;18091;132340307786586000;2020-05-15;18:39:38.659;;;;;;;;132000_0034388730;;;;;;EDI+EDI;;Accept;;132000;2421;;123;Departures;;;;;;;;;;;;
D01/00000D49580D0006;132340307964115122;2020-05-15;18:39:56.412;application/x-bolt;23596;1555067991;132340307713596000;2020-05-15;18:39:31.360;;;;;;18006;132340307893656000;2020-05-15;18:39:49.366;;;;;;;;132000_0034388731;;;;;;EDI+EDI;;Accept;;132000;4063;;123;Departures;;;;;;;;;;;;
D01/00000D4958130007;132340308080478536;2020-05-15;18:40:08.048;application/x-bolt;24552;1555067991;132340307829936000;2020-05-15;18:39:42.994;;;;;;18007;132340308010006000;2020-05-15;18:40:01.001;;;;;;;;132000_0034388732;;;;;;EDI+EDI;;Accept;;132000;2465;;123;Departures;;;;;;;;;;;;
D01/00000D49581A0006;132340308110014787;2020-05-15;18:40:11.001;application/x-bolt;22480;1555067991;132340307859496000;2020-05-15;18:39:45.950;;;;;;18006;132340308039556000;2020-05-15;18:40:03.956;;;;;;;;132000_0034388733;;;;Camera01;06;EDI+EDI;;Accept;;132000;2476;;123;Departures;;;;;;;;;;;;
D01/00000D4958200006;132340308160940045;2020-05-15;18:40:16.094;application/x-bolt;23994;1555067992;132340307910316000;2020-05-15;18:39:51.032;;;;;;18007;132340308090386000;2020-05-15;18:40:09.039;;;;;;;;132000_0034388734;;;;Camera05;05;EDI+EDI;;Accept;;132000;2503;;123;Departures;;;;;;;;;;;;
D01/00000D4958260006;132340308948917474;2020-05-15;18:41:34.892;application/x-bolt;23395;1555067991;132340308698266000;2020-05-15;18:41:09.827;;;;;;18007;132340308878336000;2020-05-15;18:41:27.834;;;;;;;;132000_0034388735;;;;Camera02;09;EDI+EDI;;Accept;;132000;5586;;123;Departures;;;;;;;;;;;;
D01/00000D49582C0006;132340309006506097;2020-05-15;18:41:40.651;application/x-bolt;21208;1555067991;132340308755826000;2020-05-15;18:41:15.583;;;;;;18007;132340308935896000;2020-05-15;18:41:33.590;;;;;;;;132000_0034388736;;;;;;EDI+EDI;;Accept;;132000;2409;;123;Departures;;;;;;;;;;;;
D01/00000D4958320006;132340309227252482;2020-05-15;18:42:02.725;application/x-bolt;23907;1555067992;132340308976546000;2020-05-15;18:41:37.655;;;;;;18007;132340309156616000;2020-05-15;18:41:55.662;;;;;;;;132000_0034388737;;;;;;EDI+EDI;;Accept;;132000;2443;;123;Departures;;;;;;;;;;;;
D01/00000D4958380006;132340309557411250;2020-05-15;18:42:35.741;application/x-bolt;21230;1555067991;132340309306786000;2020-05-15;18:42:10.679;;;;;;18006;132340309486846000;2020-05-15;18:42:28.685;;;;;;;;132000_0034388738;;;;;;EDI+EDI;;Accept;;132000;4736;;123;Departures;;;;;;;;;;;;
D01/00000D49583E0007;132340309644785022;2020-05-15;18:42:44.479;application/x-bolt;25048;1555067991;132340309394176000;2020-05-15;18:42:19.418;;;;;;18007;132340309574246000;2020-05-15;18:42:37.425;;;;;;;;132000_0034388739;;;;;;EDI+EDI;;Accept;;132000;2441;;123;Departures;;;;;;;;;;;;
D01/00000D4958450006;132340310013096001;2020-05-15;18:43:21.310;application/x-bolt;22908;1555067992;132340309762416000;2020-05-15;18:42:56.242;;;;;;18007;132340309942486000;2020-05-15;18:43:14.249;;;;;;;;132000_0034388740;;;;Camera04;03;EDI+EDI;;Accept;;132000;2449;;123;Departures;;;;;;;;;;;;
D01/00000D49584B0006;132340310117994571;2020-05-15;18:43:31.799;application/x-bolt;22932;1555067991;132340309867236000;2020-05-15;18:43:06.724;;;;;;18007;132340310047306000;2020-05-15;18:43:24.731;;;;;;;;132000_0034388741;;;;Camera06;07;EDI+EDI;;Accept;;132000;2472;;123;Departures;;;;;;;;;;;;
D01/00000D4958510006;132340310236584710;2020-05-15;18:43:43.658;application/x-bolt;23930;1555067991;132340309985966000;2020-05-15;18:43:18.597;;;;;;18007;132340310166036000;2020-05-15;18:43:36.604;;;;;;;;132000_0034388742;;;;;;EDI+EDI;;Accept;;132000;2397;;123;Departures;;;;;;;;;;;;
D01/00000D4958570006;132340310267420736;2020-05-15;18:43:46.742;application/x-bolt;23624;1555067992;132340310016306000;2020-05-15;18:43:21.631;;;;;;18045;132340310196756000;2020-05-15;18:43:39.676;;;;;;;;132000_0034388743;;;;Camera05;06;EDI+EDI;;Accept;;132000;2405;;123;Departures;;;;;;;;;;;;
D01/00000D49585D0006;132340310542773227;2020-05-15;18:44:14.277;application/x-bolt;23767;1555067992;132340310291946000;2020-05-15;18:43:49.195;;;;;;18007;132340310472016000;2020-05-15;18:44:07.202;;;;;;;;132000_0034388744;;;;;;EDI+EDI;;Accept;;132000;2431;;123;Departures;;;;;;;;;;;;
D01/00000D4958630006;132340311433895638;2020-05-15;18:45:43.390;application/x-bolt;23620;1555067992;132340311183236000;2020-05-15;18:45:18.324;;;;;;18007;132340311363306000;2020-05-15;18:45:36.331;;;;;;;;132000_0034388745;;;;Camera04;01;EDI+EDI;;Accept;;132000;2324;;123;Departures;;;;;;;;;;;;
D01/00000D4958690007;132340312072823823;2020-05-15;18:46:47.282;application/x-bolt;24681;1555067991;132340311822016000;2020-05-15;18:46:22.202;;;;;;18008;132340312002096000;2020-05-15;18:46:40.210;;;;;;;;132000_0034388746;;;;;;EDI+EDI;;Accept;;132000;2329;;123;Departures;;;;;;;;;;;;
D01/00000D4958700006;132340312403310606;2020-05-15;18:47:20.331;application/x-bolt;24072;1555067991;132340312152546000;2020-05-15;18:46:55.255;;;;;;18007;132340312332616000;2020-05-15;18:47:13.262;;;;;;;;132000_0034388747;;;;Camera03;07;EDI+EDI;;Accept;;132000;2328;;123;Departures;;;;;;;;;;;;
D01/00000D4958760007;132340312436848700;2020-05-15;18:47:23.685;application/x-bolt;24562;1555067992;132340312186176000;2020-05-15;18:46:58.618;;;;;;18007;132340312366246000;2020-05-15;18:47:16.625;;;;;;;;132000_0034388749;;;;;;EDI+EDI;;Accept;;132000;2363;;123;Departures;;;;;;;;;;;;
D01/00000D49587D0006;132340312578287153;2020-05-15;18:47:37.829;application/x-bolt;23238;1555067992;132340312327636000;2020-05-15;18:47:12.764;;;;;;18007;132340312507706000;2020-05-15;18:47:30.771;;;;;;;;132000_0034388750;;;;Camera01;07;EDI+EDI;;Accept;;132000;2645;;123;Departures;;;;;;;;;;;;
D01/00000D4958830007;132340312838475060;2020-05-15;18:48:03.848;application/x-bolt;25115;1555067991;132340312587706000;2020-05-15;18:47:38.771;;;;;;18008;132340312767786000;2020-05-15;18:47:56.779;;;;;;;;132000_0034388751;;;;;;EDI+EDI;;Accept;;132000;2340;;123;Departures;;;;;;;;;;;;
D01/00000D49588A0007;132340312923336143;2020-05-15;18:48:12.334;application/x-bolt;24822;1555067992;132340312672596000;2020-05-15;18:47:47.260;;;;;;18008;132340312852676000;2020-05-15;18:48:05.268;;;;;;;;132000_0034388752;;;;;;EDI+EDI;;Accept;;132000;2372;;123;Departures;;;;;;;;;;;;
D01/00000D4958910006;132340314019424119;2020-05-15;18:50:01.942;application/x-bolt;21183;1555067991;132340313768696000;2020-05-15;18:49:36.870;;;;;;18007;132340313948766000;2020-05-15;18:49:54.877;;;;;;;;132000_0034388754;;;;;;EDI+EDI;;Accept;;132000;2268;;123;Departures;;;;;;;;;;;;
D01/00000D4958970006;132340314166517311;2020-05-15;18:50:16.652;application/x-bolt;21205;1555067991;132340313915776000;2020-05-15;18:49:51.578;;;;;;18007;132340314095846000;2020-05-15;18:50:09.585;;;;;;;;132000_0034388755;;;;;;EDI+EDI;;Accept;;132000;3832;;123;Departures;;;;;;;;;;;;
D01/00000D49589D0006;132340314195151294;2020-05-15;18:50:19.515;application/x-bolt;22561;1555067991 / 0950831796;132340313944426000;2020-05-15;18:49:54.443;;;;;;18007;132340314124496000;2020-05-15;18:50:12.450;;;;;;;;132000_0034388756;;;Multiple main barcodes detected;;;EDI+EDI;;Accept;;132000;2302;;123;Departures;;;;;;;;;;;;
D01/00000D4958A30007;132340314531583059;2020-05-15;18:50:53.158;application/x-bolt;24237;1555067991;132340314280746000;2020-05-15;18:50:28.075;;;;;;18006;132340314460806000;2020-05-15;18:50:46.081;;;;;;;;132000_0034388757;;;;;;EDI+EDI;;Accept;;132000;2312;;123;Departures;;;;;;;;;;;;
D01/00000D4958AA0007;132340314562548990;2020-05-15;18:50:56.255;application/x-bolt;24265;1555067992;132340314310826000;2020-05-15;18:50:31.083;;;;;;18097;132340314491796000;2020-05-15;18:50:49.180;;;;;;;;132000_0034388758;;;;;;EDI+EDI;;Accept;;132000;2340;;123;Departures;;;;;;;;;;;;
D01/00000D4958B10006;132340314700504529;2020-05-15;18:51:10.050;application/x-bolt;23818;1555067991;132340314449756000;2020-05-15;18:50:44.976;;;;;;18006;132340314629816000;2020-05-15;18:51:02.982;;;;;;;;132000_0034388759;;;;;;EDI+EDI;;Accept;;132000;2363;;123;Departures;;;;;;;;;;;;
D01/00000D4958B70006;132340314921248937;2020-05-15;18:51:32.125;application/x-bolt;23764;1555067991;132340314670396000;2020-05-15;18:51:07.040;;;;;;18006;132340314850456000;2020-05-15;18:51:25.046;;;;;;;;132000_0034388760;;;;Camera05;01;EDI+EDI;;Accept;;132000;2360;;123;Departures;;;;;;;;;;;;
D01/00000D4958BD0006;132340315497874559;2020-05-15;18:52:29.787;application/x-bolt;23435;1555067992;132340315247036000;2020-05-15;18:52:04.704;;;;;;18007;132340315427106000;2020-05-15;18:52:22.711;;;;;;;;132000_0034388761;;;;Camera01;10;EDI+EDI;;Accept;;132000;2337;;123;Departures;;;;;;;;;;;;
D01/00000D4958C30006;132340315715934418;2020-05-15;18:52:51.593;application/x-bolt;23807;1555067992;132340315465136000;2020-05-15;18:52:26.514;;;;;;18007;132340315645206000;2020-05-15;18:52:44.521;;;;;;;;132000_0034388762;;;;Camera04;01;EDI+EDI;;Accept;;132000;2333;;123;Departures;;;;;;;;;;;;
D01/00000D4958C90007;132340315894811961;2020-05-15;18:53:09.481;application/x-bolt;24675;1555067991;132340315643836000;2020-05-15;18:52:44.384;;;;;;18007;132340315823906000;2020-05-15;18:53:02.391;;;;;;;;132000_0034388763;;;;;;EDI+EDI;;Accept;;132000;2356;;123;Departures;;;;;;;;;;;;
D01/00000D4958D00006;132340316035698165;2020-05-15;18:53:23.570;application/x-bolt;21349;1555067992;132340315784846000;2020-05-15;18:52:58.485;;;;;;18006;132340315964906000;2020-05-15;18:53:16.491;;;;;;;;132000_0034388764;;;;;;EDI+EDI;;Accept;;132000;2350;;123;Departures;;;;;;;;;;;;
D01/00000D4958D60006;132340316778670992;2020-05-15;18:54:37.867;application/x-bolt;23387;1555067991;132340316527276000;2020-05-15;18:54:12.728;;;;;;18064;132340316707916000;2020-05-15;18:54:30.792;;;;;;;;132000_0034388767;;;;Camera03;12;EDI+EDI;;Accept;;132000;2690;;123;Departures;;;;;;;;;;;;
D01/00000D4958DC000A;132340316807354650;2020-05-15;18:54:40.735;application/x-bolt;36619;;132340316580276000;2020-05-15;18:54:18.028;;;;;;15573;132340316736006000;2020-05-15;18:54:33.601;;;9856;76;;Reject;2606;132000_0034388766;;;"Enrichment ""VCCLicense"" cancelled: no requester available / Enrichment ""VCCNoBSM"" cancelled: no requester available";Camera05;05;VCS+VCS;;Cancel;;132000;2347;;123;Departures;;2;Cancelled: no requester available;Cancel;12561;;;2;Cancelled: no requester available;Cancel;12569;
D01/00000D4958E60007;132340317162517598;2020-05-15;18:55:16.252;application/x-bolt;25767;1555067992;132340316911506000;2020-05-15;18:54:51.151;;;;;;18008;132340317091586000;2020-05-15;18:55:09.159;;;;;;;;132000_0034388768;;;;;;EDI+EDI;;Accept;;132000;4262;;123;Departures;;;;;;;;;;;;
D01/00000D4958ED000A;132340317197066097;2020-05-15;18:55:19.707;application/x-bolt;36165;;132340316974606000;2020-05-15;18:54:57.461;;;;;;15124;132340317125846000;2020-05-15;18:55:12.585;;;9419;71;;Reject;2612;132000_0034388769;;;"Enrichment ""VCCLicense"" cancelled: no requester available / Enrichment ""VCCNoBSM"" cancelled: no requester available";Camera01;03;VCS+VCS;;Cancel;;132000;2370;;123;Departures;;2;Cancelled: no requester available;Cancel;12113;;;2;Cancelled: no requester available;Cancel;12120;
D01/00000D4958F70006;132340317565810245;2020-05-15;18:55:56.581;application/x-bolt;23340;1555067991;132340317314976000;2020-05-15;18:55:31.498;;;;;;18006;132340317495036000;2020-05-15;18:55:49.504;;;;;;;;132000_0034388770;;;;Camera02;11;EDI+EDI;;Accept;;132000;3918;;123;Departures;;;;;;;;;;;;
D01/00000D4958FD0006;132340317648658582;2020-05-15;18:56:04.866;application/x-bolt;23351;1555067991;132340317397866000;2020-05-15;18:55:39.787;;;;;;18007;132340317577936000;2020-05-15;18:55:57.794;;;;;;;;132000_0034388771;;;;Camera04;03;EDI+EDI;;Accept;;132000;3627;;123;Departures;;;;;;;;;;;;
D01/00000D4959030006;132340317708237724;2020-05-15;18:56:10.824;application/x-bolt;21154;1555067992;132340317457546000;2020-05-15;18:55:45.755;;;;;;18008;132340317637626000;2020-05-15;18:56:03.763;;;;;;;;132000_0034388772;;;;;;EDI+EDI;;Accept;;132000;2384;;123;Departures;;;;;;;;;;;;
D01/00000D4959090006;132340317888606498;2020-05-15;18:56:28.861;application/x-bolt;21205;1555067992;132340317637836000;2020-05-15;18:56:03.784;;;;;;18007;132340317817906000;2020-05-15;18:56:21.791;;;;;;;;132000_0034388773;;;;;;EDI+EDI;;Accept;;132000;2360;;123;Departures;;;;;;;;;;;;
D01/00000D49590F0006;132340318827030534;2020-05-15;18:58:02.703;application/x-bolt;24147;1555067991;132340318576196000;2020-05-15;18:57:37.620;;;;;;18006;132340318756256000;2020-05-15;18:57:55.626;;;;;;;;132000_0034388774;;;;;;EDI+EDI;;Accept;;132000;2320;;123;Departures;;;;;;;;;;;;
D01/00000D4959150006;132340318993698007;2020-05-15;18:58:19.370;application/x-bolt;22655;1555067991;132340318742896000;2020-05-15;18:57:54.290;;;;;;18007;132340318922966000;2020-05-15;18:58:12.297;;;;;;;;132000_0034388775;;;;Camera03;04;EDI+EDI;;Accept;;132000;2349;;123;Departures;;;;;;;;;;;;
D01/00000D49591B0007;132340319667173526;2020-05-15;18:59:26.717;application/x-bolt;24263;1555067992;132340319416236000;2020-05-15;18:59:01.624;;;;;;18007;132340319596306000;2020-05-15;18:59:19.631;;;;;;;;132000_0034388776;;;;;;EDI+EDI;;Accept;;132000;2308;;123;Departures;;;;;;;;;;;;
D01/00000D4959220007;132340319779205917;2020-05-15;18:59:37.921;application/x-bolt;24369;1555067991;132340319528366000;2020-05-15;18:59:12.837;;;;;;18007;132340319708436000;2020-05-15;18:59:30.844;;;;;;;;132000_0034388777;;;;;;EDI+EDI;;Accept;;132000;2577;;123;Departures;;;;;;;;;;;;
D01/00000D4959290007;132340319972605436;2020-05-15;18:59:57.261;application/x-bolt;24432;1555067991;132340319721776000;2020-05-15;18:59:32.178;;;;;;18006;132340319901836000;2020-05-15;18:59:50.184;;;;;;;;132000_0034388778;;;;;;EDI+EDI;;Accept;;132000;3243;;123;Departures;;;;;;;;;;;;
D01/00000D4959300007;132340320198501765;2020-05-15;19:00:19.850;application/x-bolt;24415;1555067991;132340319947696000;2020-05-15;18:59:54.770;;;;;;18007;132340320127766000;2020-05-15;19:00:12.777;;;;;;;;132000_0034388779;;;;;;EDI+EDI;;Accept;;132000;2353;;123;Departures;;;;;;;;;;;;
D01/00000D4959370006;132340320880874602;2020-05-15;19:01:28.087;application/x-bolt;23600;1555067992;132340320630026000;2020-05-15;19:01:03.003;;;;;;18007;132340320810096000;2020-05-15;19:01:21.010;;;;;;;;132000_0034388780;;;;Camera02;11;EDI+EDI;;Accept;;132000;2320;;123;Departures;;;;;;;;;;;;
D01/00000D49593D0007;132340321956171536;2020-05-15;19:03:15.617;application/x-bolt;24427;1555067992 / 1555069292;132340321705376000;2020-05-15;19:02:50.538;;;;;;18007;132340321885446000;2020-05-15;19:03:08.545;;;;;;;;132000_0034388782;;;Multiple main barcodes detected;;;EDI+EDI;;Accept;;132000;4875;;123;Departures;;;;;;;;;;;;
D01/00000D4959440007;132340322354860388;2020-05-15;19:03:55.486;application/x-bolt;24463;1555067992;132340322104016000;2020-05-15;19:03:30.402;;;;;;18007;132340322284086000;2020-05-15;19:03:48.409;;;;;;;;132000_0034388783;;;;;;EDI+EDI;;Accept;;132000;5011;;123;Departures;;;;;;;;;;;;
D01/00000D49594B0007;132340322661133009;2020-05-15;19:04:26.113;application/x-bolt;25869;1555067992;132340322410386000;2020-05-15;19:04:01.039;;;;;;18006;132340322590446000;2020-05-15;19:04:19.045;;;;;;;;132000_0034388784;;;;;;EDI+EDI;;Accept;;132000;2386;;123;Departures;;;;;;;;;;;;
D01/00000D4959520006;132340323210656274;2020-05-15;19:05:21.066;application/x-bolt;23472;1555067991;132340322959976000;2020-05-15;19:04:55.998;;;;;;18006;132340323140036000;2020-05-15;19:05:14.004;;;;;;;;132000_0034388785;;;;Camera02;10;EDI+EDI;;Accept;;132000;2294;;123;Departures;;;;;;;;;;;;
D01/00000D4959580006;132340323238939602;2020-05-15;19:05:23.894;application/x-bolt;23386;1555067991;132340322988166000;2020-05-15;19:04:58.817;;;;;;18008;132340323168246000;2020-05-15;19:05:16.825;;;;;;;;132000_0034388786;;;;Camera06;07;EDI+EDI;;Accept;;132000;2282;;123;Departures;;;;;;;;;;;;
D01/00000D49595E0007;132340323319395965;2020-05-15;19:05:31.940;application/x-bolt;26410;1555067991;132340323068566000;2020-05-15;19:05:06.857;;;;;;18006;132340323248626000;2020-05-15;19:05:24.863;;;;;;;;132000_0034388787;;;;;;EDI+EDI;;Accept;;132000;2293;;123;Departures;;;;;;;;;;;;
D01/00000D4959650006;132340323493369459;2020-05-15;19:05:49.337;application/x-bolt;23676;1555067991;132340323242496000;2020-05-15;19:05:24.250;;;;;;18007;132340323422566000;2020-05-15;19:05:42.257;;;;;;;;132000_0034388788;;;;;;EDI+EDI;;Accept;;132000;2281;;123;Departures;;;;;;;;;;;;
D01/00000D49596B0006;132340323606032391;2020-05-15;19:06:00.603;application/x-bolt;23336;1555067992 / 1555067292;132340323355146000;2020-05-15;19:05:35.515;;;;;;18007;132340323535216000;2020-05-15;19:05:53.522;;;;;;;;132000_0034388789;;;Multiple main barcodes detected;;;EDI+EDI;;Accept;;132000;2274;;123;Departures;;;;;;;;;;;;
D01/00000D4959710006;132340323635116379;2020-05-15;19:06:03.512;application/x-bolt;23023;1555067992;132340323384366000;2020-05-15;19:05:38.437;;;;;;18007;132340323564436000;2020-05-15;19:05:56.444;;;;;;;;132000_0034388790;;;;Camera01;06;EDI+EDI;;Accept;;132000;2303;;123;Departures;;;;;;;;;;;;
D01/00000D4959770007;132340323767795816;2020-05-15;19:06:16.780;application/x-bolt;27527;1555067992;132340323516916000;2020-05-15;19:05:51.692;;;;;;18006;132340323696976000;2020-05-15;19:06:09.698;;;;;;;;132000_0034388796;;;;;;EDI+EDI;;Accept;;132000;3715;;123;Departures;;;;;;;;;;;;
D01/00000D49597E0007;132340323887724737;2020-05-15;19:06:28.772;application/x-bolt;24357;1555067991;132340323636846000;2020-05-15;19:06:03.685;;;;;;18006;132340323816906000;2020-05-15;19:06:21.691;;;;;;;;132000_0034388791;;;;;;EDI+EDI;;Accept;;132000;2328;;123;Departures;;;;;;;;;;;;
D01/00000D4959850006;132340324082014990;2020-05-15;19:06:48.201;application/x-bolt;23447;1555067992;132340323830646000;2020-05-15;19:06:23.065;;;;;;18058;132340324011226000;2020-05-15;19:06:41.123;;;;;;;;132000_0034388793;;;;Camera02;09;EDI+EDI;;Accept;;132000;2297;;123;Departures;;;;;;;;;;;;
D01/00000D49598B0006;132340324238564120;2020-05-15;19:07:03.856;application/x-bolt;22713;1555067992;132340323987706000;2020-05-15;19:06:38.771;;;;;;18007;132340324167776000;2020-05-15;19:06:56.778;;;;;;;;132000_0034388794;;;;Camera01;08;EDI+EDI;;Accept;;132000;2363;;123;Departures;;;;;;;;;;;;
D01/00000D4959910006;132340324404691146;2020-05-15;19:07:20.469;application/x-bolt;23060;1555067991;132340324153946000;2020-05-15;19:06:55.395;;;;;;18007;132340324334016000;2020-05-15;19:07:13.402;;;;;;;;132000_0034388795;;;;Camera06;08;EDI+EDI;;Accept;;132000;2350;;123;Departures;;;;;;;;;;;;
D01/00000D4959970006;132340324947068509;2020-05-15;19:08:14.707;application/x-bolt;24077;1555067992;132340324696196000;2020-05-15;19:07:49.620;;;;;;18006;132340324876256000;2020-05-15;19:08:07.626;;;;;;;;132000_0034388797;;;;;;EDI+EDI;;Accept;;132000;5803;;123;Departures;;;;;;;;;;;;
D01/00000D49599D0006;132340325095771167;2020-05-15;19:08:29.577;application/x-bolt;23578;1555067991;132340324844976000;2020-05-15;19:08:04.498;;;;;;18007;132340325025046000;2020-05-15;19:08:22.505;;;;;;;;132000_0034388800;;;;Camera04;11;EDI+EDI;;Accept;;132000;2378;;123;Departures;;;;;;;;;;;;
D01/00000D4959A30006;132340325376182456;2020-05-15;19:08:57.618;application/x-bolt;23581;1555067991;132340325125506000;2020-05-15;19:08:32.551;;;;;;18006;132340325305566000;2020-05-15;19:08:50.557;;;;;;;;132000_0034388799;;;;;;EDI+EDI;;Accept;;132000;2867;;123;Departures;;;;;;;;;;;;
D01/00000D4959A90006;132340325647596327;2020-05-15;19:09:24.760;application/x-bolt;23838;1555067992;132340325396656000;2020-05-15;19:08:59.666;;;;;;18007;132340325576726000;2020-05-15;19:09:17.673;;;;;;;;132000_0034388801;;;;;;EDI+EDI;;Accept;;132000;3749;;123;Departures;;;;;;;;;;;;
D01/00000D4959AF0006;132340326075128969;2020-05-15;19:10:07.513;application/x-bolt;23518;1555067992;132340325824226000;2020-05-15;19:09:42.423;;;;;;18007;132340326004296000;2020-05-15;19:10:00.430;;;;;;;;132000_0034388802;;;;Camera03;11;EDI+EDI;;Accept;;132000;2382;;123;Departures;;;;;;;;;;;;
D01/00000D4959B50006;132340326162731225;2020-05-15;19:10:16.273;application/x-bolt;23855;1555067991;132340325911986000;2020-05-15;19:09:51.199;;;;;;18006;132340326092046000;2020-05-15;19:10:09.205;;;;;;;;132000_0034388803;;;;;;EDI+EDI;;Accept;;132000;4223;;123;Departures;;;;;;;;;;;;
D01/00000D4959BB0006;132340327399171076;2020-05-15;19:12:19.917;application/x-bolt;23719;1555067992;132340327148376000;2020-05-15;19:11:54.838;;;;;;18007;132340327328446000;2020-05-15;19:12:12.845;;;;;;;;132000_0034388804;;;;Camera02;11;EDI+EDI;;Accept;;132000;2306;;123;Departures;;;;;;;;;;;;
D01/00000D4959C10006;132340331462312466;2020-05-15;19:19:06.231;application/x-bolt;23291;1555067992;132340331211476000;2020-05-15;19:18:41.148;;;;;;18007;132340331391546000;2020-05-15;19:18:59.155;;;;;;;;132000_0034388807;;;;Camera04;03;EDI+EDI;;Accept;;132000;2268;;123;Departures;;;;;;;;;;;;
D01/00000D4959C70006;132340331573223947;2020-05-15;19:19:17.322;application/x-bolt;22573;1555067991;132340331322356000;2020-05-15;19:18:52.236;;;;;;18006;132340331502416000;2020-05-15;19:19:10.242;;;;;;;;132000_0034388806;;;;Camera06;01;EDI+EDI;;Accept;;132000;3175;;123;Departures;;;;;;;;;;;;
D01/00000D4959CD0007;132340331690180418;2020-05-15;19:19:29.018;application/x-bolt;25357;1555067991;132340331439366000;2020-05-15;19:19:03.937;;;;;;18006;132340331619426000;2020-05-15;19:19:21.943;;;;;;;;132000_0034388808;;;;;;EDI+EDI;;Accept;;132000;2232;;123;Departures;;;;;;;;;;;;
D01/00000D4959D40006;132340331932079942;2020-05-15;19:19:53.208;application/x-bolt;23541;1555067991;132340331681266000;2020-05-15;19:19:28.127;;;;;;18006;132340331861326000;2020-05-15;19:19:46.133;;;;;;;;132000_0034388809;;;;Camera05;01;EDI+EDI;;Accept;;132000;2241;;123;Departures;;;;;;;;;;;;
D01/00000D4959DA0006;132340332107754843;2020-05-15;19:20:10.775;application/x-bolt;23738;1555067991;132340331856946000;2020-05-15;19:19:45.695;;;;;;18008;132340332037026000;2020-05-15;19:20:03.703;;;;;;;;132000_0034388810;;;;Camera01;06;EDI+EDI;;Accept;;132000;2245;;123;Departures;;;;;;;;;;;;
D01/00000D4959E00006;132340332337534372;2020-05-15;19:20:33.753;application/x-bolt;23620;1555067992;132340332086626000;2020-05-15;19:20:08.663;;;;;;18006;132340332266686000;2020-05-15;19:20:26.669;;;;;;;;132000_0034388812;;;;;;EDI+EDI;;Accept;;132000;2265;;123;Departures;;;;;;;;;;;;
D01/00000D4959E60006;132340332399175215;2020-05-15;19:20:39.918;application/x-bolt;23708;1555067991;132340332148356000;2020-05-15;19:20:14.836;;;;;;18006;132340332328416000;2020-05-15;19:20:32.842;;;;;;;;132000_0034388811;;;;;;EDI+EDI;;Accept;;132000;2286;;123;Departures;;;;;;;;;;;;
D01/00000D4959EC0006;132340333240919509;2020-05-15;19:22:04.092;application/x-bolt;23332;1555067991;132340332990026000;2020-05-15;19:21:39.003;;;;;;18006;132340333170086000;2020-05-15;19:21:57.009;;;;;;;;132000_0034388813;;;;Camera02;10;EDI+EDI;;Accept;;132000;2278;;123;Departures;;;;;;;;;;;;
D01/00000D4959F20007;132340333331063863;2020-05-15;19:22:13.106;application/x-bolt;25106;1555067991;132340333077516000;2020-05-15;19:21:47.752;;;;;;18007;132340333257586000;2020-05-15;19:22:05.759;;;;;;;;132000_0034388814;;;;;;EDI+EDI;;Accept;;132000;2283;;123;Departures;;;;;;;;;;;;
D01/00000D4959F9000A;132340333421568517;2020-05-15;19:22:22.157;application/x-bolt;37570;;132340333186656000;2020-05-15;19:21:58.666;;;;;;16353;132340333350186000;2020-05-15;19:22:15.019;;;10491;277;;Reject;2560;132000_0034388815;;;"Enrichment ""VCCLicense"" cancelled: no requester available / Enrichment ""VCCNoBSM"" cancelled: no requester available";Camera03;09;VCS+VCS;;Cancel;;132000;2271;;123;Departures;;3;Cancelled: no requester available;Cancel;13341;;;3;Cancelled: no requester available;Cancel;13349;
D01/00000D495A030007;132340333676618887;2020-05-15;19:22:47.662;application/x-bolt;24902;1555067991;132340333425656000;2020-05-15;19:22:22.566;;;;;;18008;132340333605736000;2020-05-15;19:22:40.574;;;;;;;;132000_0034388816;;;;;;EDI+EDI;;Accept;;132000;2311;;123;Departures;;;;;;;;;;;;
D01/00000D495A0A0006;132340333855866737;2020-05-15;19:23:05.587;application/x-bolt;24155;1555067992;132340333601786000;2020-05-15;19:22:40.179;;;;;;18006;132340333781846000;2020-05-15;19:22:58.185;;;;;;;;132000_0034388817;;;;;;EDI+EDI;;Accept;;132000;3228;;123;Departures;;;;;;;;;;;;
D01/00000D495A100007;132340334651102668;2020-05-15;19:24:25.110;application/x-bolt;24516;1555067992;132340334400206000;2020-05-15;19:24:00.021;;;;;;18007;132340334580276000;2020-05-15;19:24:18.028;;;;;;;;132000_0034388818;;;;;;EDI+EDI;;Accept;;132000;3396;;123;Departures;;;;;;;;;;;;
D01/00000D495A170006;132340336013596490;2020-05-15;19:26:41.360;application/x-bolt;22637;1555067992;132340335762616000;2020-05-15;19:26:16.262;;;;;;18007;132340335942686000;2020-05-15;19:26:34.269;;;;;;;;132000_0034388819;;;;Camera03;13;EDI+EDI;;Accept;;132000;2274;;123;Departures;;;;;;;;;;;;
D01/00000D495A1D0006;132340341176274814;2020-05-15;19:35:17.627;application/x-bolt;23953;1555067991 / 0790240596;132340340925356000;2020-05-15;19:34:52.536;;;;;;18007;132340341105426000;2020-05-15;19:35:10.543;;;;;;;;132000_0034388820;;;Multiple main barcodes detected;;;EDI+EDI;;Accept;;132000;2878;;123;Departures;;;;;;;;;;;;
D01/00000D495A230007;132340341548051464;2020-05-15;19:35:54.805;application/x-bolt;25015;1555067991;132340341297116000;2020-05-15;19:35:29.712;;;;;;18007;132340341477186000;2020-05-15;19:35:47.719;;;;;;;;132000_0034388821;;;;;;EDI+EDI;;Accept;;132000;5697;;123;Departures;;;;;;;;;;;;
D01/00000D495A2A0007;132340343538859273;2020-05-15;19:39:13.886;application/x-bolt;25043;1555067991;132340343287786000;2020-05-15;19:38:48.779;;;;;;18006;132340343467846000;2020-05-15;19:39:06.785;;;;;;;;132000_0034388822;;;;;;EDI+EDI;;Accept;;132000;2244;;123;Departures;;;;;;;;;;;;
D01/00000D495A310006;132340344155577361;2020-05-15;19:40:15.558;application/x-bolt;23997;1555067991;132340343904546000;2020-05-15;19:39:50.455;;;;;;18007;132340344084616000;2020-05-15;19:40:08.462;;;;;;;;132000_0034388823;;;;Camera05;02;EDI+EDI;;Accept;;132000;4960;;123;Departures;;;;;;;;;;;;
D01/00000D495A370006;132340344584888904;2020-05-15;19:40:58.489;application/x-bolt;23749;1555067991;132340344333756000;2020-05-15;19:40:33.376;;;;;;18006;132340344513816000;2020-05-15;19:40:51.382;;;;;;;;132000_0034388824;;;;Camera02;11;EDI+EDI;;Accept;;132000;2252;;123;Departures;;;;;;;;;;;;
D01/00000D495A3D0007;132340485686822312;2020-05-15;23:36:08.682;application/x-bolt;24463;0235976318 / 0235470904;132340485397750000;2020-05-15;23:35:39.775;;;;;;18008;132340485577830000;2020-05-15;23:35:57.783;;;;;;;;131900_0034388828;;;Multiple main barcodes detected;Camera04;01;EDI+EDI;;Accept;;131900;2424;;123;Departures;;;;;;;;;;;;
D01/00000D495A440007;132340485876078417;2020-05-15;23:36:27.608;application/x-bolt;25623;0235976319;132340485587200000;2020-05-15;23:35:58.720;;;;;;18007;132340485767270000;2020-05-15;23:36:16.727;;;;;;;;131900_0034388827;;;;;;EDI+EDI;;Accept;;131900;2400;;123;Departures;;;;;;;;;;;;
D01/00000D495A4B0007;132340486301295799;2020-05-15;23:37:10.130;application/x-bolt;25636;0235976320;132340486012450000;2020-05-15;23:36:41.245;;;;;;18007;132340486192520000;2020-05-15;23:36:59.252;;;;;;;;131900_0034388829;;;;;;EDI+EDI;;Accept;;131900;2417;;123;Departures;;;;;;;;;;;;
D01/00000D495A520007;132340486674927854;2020-05-15;23:37:47.493;application/x-bolt;26118;0235976321;132340486386280000;2020-05-15;23:37:18.628;;;;;;18008;132340486566360000;2020-05-15;23:37:36.636;;;;;;;;131900_0034388830;;;;;;EDI+EDI;;Accept;;131900;2428;;123;Departures;;;;;;;;;;;;
D01/00000D495A590007;132340486846910701;2020-05-15;23:38:04.691;application/x-bolt;26584;0235976322;132340486557910000;2020-05-15;23:37:35.791;;;;;;18007;132340486737980000;2020-05-15;23:37:53.798;;;;;;;;131900_0034388831;;;;;;EDI+EDI;;Accept;;131900;3935;;123;Departures;;;;;;;;;;;;
D01/00000D495A600007;132340486877848194;2020-05-15;23:38:07.785;application/x-bolt;24923;0235976323;132340486588540000;2020-05-15;23:37:38.854;;;;;;18043;132340486768970000;2020-05-15;23:37:56.897;;;;;;;;131900_0034388832;;;;Camera06;04;EDI+EDI;;Accept;;131900;2462;;123;Departures;;;;;;;;;;;;
D01/00000D495A670007;132340487595335846;2020-05-15;23:39:19.534;application/x-bolt;25913;0235976324;132340487306280000;2020-05-15;23:38:50.628;;;;;;18007;132340487486350000;2020-05-15;23:39:08.635;;;;;;;;131900_0034388834;;;;;;EDI+EDI;;Accept;;131900;2468;;123;Departures;;;;;;;;;;;;
D01/00000D495A6E0007;132340487626093180;2020-05-15;23:39:22.609;application/x-bolt;24577;0235976325;132340487336790000;2020-05-15;23:38:53.679;;;;;;18046;132340487517250000;2020-05-15;23:39:11.725;;;;;;;;131900_0034388835;;;;Camera06;06;EDI+EDI;;Accept;;131900;2526;;123;Departures;;;;;;;;;;;;
D01/00000D495A750007;132340487939761944;2020-05-15;23:39:53.976;application/x-bolt;25434;0235976327;132340487650780000;2020-05-15;23:39:25.078;;;;;;18008;132340487830860000;2020-05-15;23:39:43.086;;;;;;;;131900_0034388836;;;;Camera03;09;EDI+EDI;;Accept;;131900;2519;;123;Departures;;;;;;;;;;;;
D01/00000D495A7C0007;132340487965584896;2020-05-15;23:39:56.558;application/x-bolt;24366;0235976326;132340487676220000;2020-05-15;23:39:27.622;;;;;;18008;132340487856300000;2020-05-15;23:39:45.630;;;;;;;;131900_0034388837;;;;Camera04;08;EDI+EDI;;Accept;;131900;2561;;123;Departures;;;;;;;;;;;;
D01/00000D495A830007;132340488477690019;2020-05-15;23:40:47.769;application/x-bolt;24768;0235976328;132340488188520000;2020-05-15;23:40:18.852;;;;;;18016;132340488368680000;2020-05-15;23:40:36.868;;;;;;;;131900_0034388839;;;;Camera06;05;EDI+EDI;;Accept;;131900;2520;;123;Departures;;;;;;;;;;;;
D01/00000D495A8A0007;132340488620496933;2020-05-15;23:41:02.050;application/x-bolt;26492;0235976329;132340488331360000;2020-05-15;23:40:33.136;;;;;;18008;132340488511440000;2020-05-15;23:40:51.144;;;;;;;;131900_0034388838;;;;;;EDI+EDI;;Accept;;131900;2513;;123;Departures;;;;;;;;;;;;
D01/00000D495A910007;132340488996596911;2020-05-15;23:41:39.660;application/x-bolt;26348;0235976330;132340488707450000;2020-05-15;23:41:10.745;;;;;;18008;132340488887530000;2020-05-15;23:41:28.753;;;;;;;;131900_0034388840;;;;;;EDI+EDI;;Accept;;131900;2572;;123;Departures;;;;;;;;;;;;
D01/00000D495A980007;132340489997098019;2020-05-15;23:43:19.710;application/x-bolt;27846;0235976331;132340489707960000;2020-05-15;23:42:50.796;;;;;;18007;132340489888030000;2020-05-15;23:43:08.803;;;;;;;;131900_0034388841;;;;;;EDI+EDI;;Accept;;131900;2473;;123;Departures;;;;;;;;;;;;
D01/00000D495A9F0007;132340491205856282;2020-05-15;23:45:20.586;application/x-bolt;24660;0235976336;132340490916720000;2020-05-15;23:44:51.672;;;;;;18007;132340491096790000;2020-05-15;23:45:09.679;;;;;;;;131900_0034388842;;;;Camera05;03;EDI+EDI;;Accept;;131900;2431;;123;Departures;;;;;;;;;;;;
D01/00000D495AA60007;132340491374079386;2020-05-15;23:45:37.408;application/x-bolt;25293;0235976337;132340491084900000;2020-05-15;23:45:08.490;;;;;;18008;132340491264980000;2020-05-15;23:45:26.498;;;;;;;;131900_0034388843;;;;;;EDI+EDI;;Accept;;131900;3180;;123;Departures;;;;;;;;;;;;
D01/00000D495AAD0007;132340491719122910;2020-05-15;23:46:11.912;application/x-bolt;26414;0235976338;132340491429920000;2020-05-15;23:45:42.992;;;;;;18008;132340491610000000;2020-05-15;23:46:01.000;;;;;;;;131900_0034388845;;;;;;EDI+EDI;;Accept;;131900;2437;;123;Departures;;;;;;;;;;;;
D01/00000D495AB40006;132340492006404910;2020-05-15;23:46:40.640;application/x-bolt;22424;0235976339;132340491717160000;2020-05-15;23:46:11.716;;;;;;18014;132340491897300000;2020-05-15;23:46:29.730;;;;;;;;131900_0034388846;;;;;;EDI+EDI;;Accept;;131900;2480;;123;Departures;;;;;;;;;;;;
D01/00000D495ABA0007;132340492144759916;2020-05-15;23:46:54.476;application/x-bolt;25914;0235976335;132340491855520000;2020-05-15;23:46:25.552;;;;;;18009;132340492035610000;2020-05-15;23:46:43.561;;;;;;;;131900_0034388847;;;;;;EDI+EDI;;Accept;;131900;6103;;123;Departures;;;;;;;;;;;;
D01/00000D495AC10007;132340492202908241;2020-05-15;23:47:00.291;application/x-bolt;24503;0235976334;132340491913620000;2020-05-15;23:46:31.362;;;;;;18008;132340492093700000;2020-05-15;23:46:49.370;;;;;;;;131900_0034388848;;;;Camera02;07;EDI+EDI;;Accept;;131900;2495;;123;Departures;;;;;;;;;;;;
D01/00000D495AC80007;132340492350390824;2020-05-15;23:47:15.039;application/x-bolt;25592;0235976341;132340492061300000;2020-05-15;23:46:46.130;;;;;;18008;132340492241380000;2020-05-15;23:47:04.138;;;;;;;;131900_0034388849;;;;;;EDI+EDI;;Accept;;131900;5504;;123;Departures;;;;;;;;;;;;
D01/00000D495ACF0007;132340492556712312;2020-05-15;23:47:35.671;application/x-bolt;25844;0235976343;132340492267410000;2020-05-15;23:47:06.741;;;;;;18007;132340492447480000;2020-05-15;23:47:24.748;;;;;;;;131900_0034388851;;;;;;EDI+EDI;;Accept;;131900;4908;;123;Departures;;;;;;;;;;;;
D01/00000D495AD60007;132340492608044978;2020-05-15;23:47:40.804;application/x-bolt;24813;0235976342 / 0238976342;132340492318860000;2020-05-15;23:47:11.886;;;;;;18008;132340492498940000;2020-05-15;23:47:29.894;;;;;;;;131900_0034388850;;;Multiple main barcodes detected;;;EDI+EDI;;Accept;;131900;2493;;123;Departures;;;;;;;;;;;;
D01/00000D495ADD0007;132340492725202354;2020-05-15;23:47:52.520;application/x-bolt;27080;0235976340;132340492435960000;2020-05-15;23:47:23.596;;;;;;18007;132340492616030000;2020-05-15;23:47:41.603;;;;;;;;131900_0034388852;;;;;;EDI+EDI;;Accept;;131900;2520;;123;Departures;;;;;;;;;;;;
D01/00000D495AE40007;132340493125044691;2020-05-15;23:48:32.504;application/x-bolt;24586;0635976345 / 0235976345;132340492835780000;2020-05-15;23:48:03.578;;;;;;18008;132340493015860000;2020-05-15;23:48:21.586;;;;;;;;131900_0034388854;;;Multiple main barcodes detected;;;EDI+EDI;;Accept;;131900;2550;;123;Departures;;;;;;;;;;;;
D01/00000D495AEB0007;132340493294335398;2020-05-15;23:48:49.434;application/x-bolt;26362;0235976344;132340493005150000;2020-05-15;23:48:20.515;;;;;;18008;132340493185230000;2020-05-15;23:48:38.523;;;;;;;;131900_0034388855;;;;;;EDI+EDI;;Accept;;131900;2540;;123;Departures;;;;;;;;;;;;
D01/00000D495AF20007;132340493641413880;2020-05-15;23:49:24.141;application/x-bolt;27456;0235976346;132340493352050000;2020-05-15;23:48:55.205;;;;;;18008;132340493532130000;2020-05-15;23:49:13.213;;;;;;;;131900_0034388856;;;;;;EDI+EDI;;Accept;;131900;2539;;123;Departures;;;;;;;;;;;;
D01/00000D495AF90008;132340493756299370;2020-05-15;23:49:35.630;application/x-bolt;28348;0235976348;132340493467050000;2020-05-15;23:49:06.705;;;;;;18008;132340493647130000;2020-05-15;23:49:24.713;;;;;;;;131900_0034388858;;;;;;EDI+EDI;;Accept;;131900;5180;;123;Departures;;;;;;;;;;;;
D01/00000D495B010007;132340493783081633;2020-05-15;23:49:38.308;application/x-bolt;25278;0235976347;132340493493830000;2020-05-15;23:49:09.383;;;;;;18008;132340493673910000;2020-05-15;23:49:27.391;;;;;;;;131900_0034388857;;;;Camera04;06;EDI+EDI;;Accept;;131900;2791;;123;Departures;;;;;;;;;;;;
D01/00000D495B080007;132340494123584649;2020-05-15;23:50:12.358;application/x-bolt;24870;0235976349;132340493834380000;2020-05-15;23:49:43.438;;;;;;18009;132340494014470000;2020-05-15;23:50:01.447;;;;;;;;131900_0034388859;;;;Camera01;08;EDI+EDI;;Accept;;131900;2586;;123;Departures;;;;;;;;;;;;
D01/00000D495B0F0007;132340494357489062;2020-05-15;23:50:35.749;application/x-bolt;25174;0235976351;132340494068230000;2020-05-15;23:50:06.823;;;;;;18007;132340494248300000;2020-05-15;23:50:24.830;;;;;;;;131900_0034388860;;;;;;EDI+EDI;;Accept;;131900;4837;;123;Departures;;;;;;;;;;;;
D01/00000D495B160007;132340494494683091;2020-05-15;23:50:49.468;application/x-bolt;26797;0235976350;132340494205360000;2020-05-15;23:50:20.536;;;;;;18008;132340494385440000;2020-05-15;23:50:38.544;;;;;;;;131900_0034388861;;;;;;EDI+EDI;;Accept;;131900;2574;;123;Departures;;;;;;;;;;;;
D01/00000D495B1D0007;132340494623450121;2020-05-15;23:51:02.345;application/x-bolt;24203;0235976352;132340494334170000;2020-05-15;23:50:33.417;;;;;;18007;132340494514240000;2020-05-15;23:50:51.424;;;;;;;;131900_0034388862;;;;Camera01;08;EDI+EDI;;Accept;;131900;2589;;123;Departures;;;;;;;;;;;;
D01/00000D495B240007;132340495666166794;2020-05-15;23:52:46.617;application/x-bolt;25756;0235976353;132340495376800000;2020-05-15;23:52:17.680;;;;;;18008;132340495556880000;2020-05-15;23:52:35.688;;;;;;;;131900_0034388863;;;;;;EDI+EDI;;Accept;;131900;2580;;123;Departures;;;;;;;;;;;;
